0.00801856	5360
0.0161259	5896
0.0162203	6432
0.0163147	6968
0.0164091	7504
0.0165035	8040
0.024229	8576
0.0243234	9112
0.0244178	9648
0.0245122	10184
0.0246066	10720
0.024701	11256
0.0247954	11792
0.032332	12328
0.0324264	12864
0.0325208	13400
0.0326152	13936
0.0327096	14472
0.0328997	13936
0.0329469	13400
0.0329941	13022
0.0330413	12717
0.0330885	12412
0.0331357	12107
0.0331829	11802
0.0332301	11497
0.0332773	11192
0.0404363	10887
0.0404835	10582
0.0405307	10277
0.0405779	9972
0.0406251	9667
0.0406723	9362
0.0407195	9057
0.0407667	8752
0.0408139	8447
0.0408611	8142
0.0409083	7837
0.0409555	7532
0.0410027	7227
0.0410499	6700
0.0410971	6432
0.0412374	6700
0.0412374	6742
0.0413318	6784
0.0486338	6826
0.0488698	6868
0.0490586	6909
0.0492474	6950
0.0493418	6991
0.0494821	7032
0.056784	7072
0.05702	7112
0.0572088	7152
0.0573976	7192
0.057492	7231
0.0575864	7270
0.064887	7309
0.065123	7348
0.0653118	7387
0.0655006	7425
0.0657379	6432
0.0729914	5896
0.0730386	5414
0.0732274	5075
0.0732746	4735
0.0734162	4396
0.0736062	4056
0.0736534	3717
0.0737491	2680
0.0738894	2948
0.0815205	2680
0.0818522	2948
0.0818522	3045
0.0819466	3139
0.0896235	3230
0.0900496	3318
0.0977266	3404
0.097821	3488
0.0981998	3570
0.105877	3650
0.105971	3728
0.10635	3805
0.114027	3880
0.114121	3954
0.1145	4026
0.12213	4097
0.122224	4167
0.122603	4235
0.130233	4302
0.130328	4368
0.130706	4433
0.158493	4497
0.158588	4560
0.186255	4623
0.210212	4685
0.240324	4746
0.240418	4806
0.294442	3752
0.294489	3216
0.294536	2680
0.312544	2252
0.312591	1608
0.336594	1786
0.366706	1946
0.390663	2093
0.420775	2230
0.437312	2358
0.437406	2479
0.47106	2594
0.489199	2704
0.509446	2810
0.50954	2912
0.543278	3010
0.56361	3105
0.597348	3197
0.617679	3286
0.617773	3373
0.651511	3458
0.66965	3541
0.689897	3622
0.689992	3701
0.72373	3778
0.744061	3854
0.777799	3928
0.79813	4001
0.798225	4072
0.850056	3216
0.850103	2680
0.85015	2144
0.87035	1668
0.870397	1340
0.904088	1072
0.904134	1340
0.904134	1554
0.92067	1738
0.974561	1903
0.991098	2053
1.0186	2192
1.03665	2323
1.06305	2446
1.09072	2563
1.09081	2675
1.11722	2782
1.14488	2885
1.17129	2984
1.19895	3080
1.19905	3173
1.2171	3263
1.2435	3351
1.27117	3436
1.27127	3519
1.29767	3600
1.32533	3679
1.35174	3757
1.3794	3833
1.3795	3907
1.39755	3980
1.424	3216
1.45162	2680
1.45167	2144
1.47803	1668
1.47807	1340
1.47812	1072
1.50574	1340
1.50574	1554
1.52228	1738
1.54699	1903
1.57626	2053
1.60106	2192
1.63033	2323
1.63042	2446
1.65522	2563
1.68449	2675
1.70255	2782
1.72735	2885
1.72744	2984
1.75671	3080
1.78151	3173
1.81078	3263
1.81088	3351
1.83568	3436
1.86494	3519
1.883	3600
1.9078	3679
1.90789	3757
1.93716	3833
1.96196	3907
1.99123	3980
2.01603	4052
2.01613	4122
2.04544	3216
2.06345	2680
2.0635	2144
2.08825	1668
2.0883	1340
2.08835	1072
2.11757	1340
2.11757	1554
2.14237	1738
2.15899	1903
2.17991	2053
2.19645	2192
2.22572	2323
2.24377	2446
2.26849	2563
2.29784	2675
2.29793	2782
2.32265	2885
2.352	2984
2.37672	3080
2.40607	3173
2.40617	3263
2.42422	3351
2.44894	3436
2.47829	3519
2.47839	3600
2.5031	3679
2.53245	3757
2.55717	3833
2.58652	3907
2.58662	3980
2.62934	3216
2.62939	2680
2.62944	2144
2.65874	1668
2.65879	1340
2.68346	1072
2.68351	1340
2.68351	1554
2.70004	1738
2.75393	1903
2.77047	2053
2.78844	2192
2.81661	2323
2.84251	2446
2.87068	2563
2.87078	2675
2.89667	2782
2.91473	2885
2.9429	2984
2.9688	3080
2.96889	3173
2.99706	3263
3.02296	3351
3.05113	3436
3.05123	3519
3.07712	3600
3.09518	3679
3.12335	3757
3.14925	3833
3.14934	3907
3.20337	3216
3.20341	2680
3.20346	2144
3.23159	1668
3.23163	1340
3.25748	1072
3.25753	1340
3.25753	1554
3.27406	1738
3.32795	1903
3.34449	2053
3.37697	2192
3.39848	2323
3.43103	2446
3.44918	1608
3.47065	1072
3.50321	1340
3.51974	1554
3.55458	1738
3.57364	1903
3.60865	2053
3.62678	2192
3.64332	2323
3.64342	2446
3.67859	2563
3.6974	2675
3.73266	2782
3.73275	2885
3.75156	2984
3.78682	3080
3.80563	3173
3.82369	3263
3.82378	3351
3.85904	3436
3.87785	3519
3.91311	3600
3.96723	2680
3.96727	2144
3.96732	1608
3.98609	1072
4.00414	1340
4.02068	1554
4.04876	1738
4.07458	1903
4.10283	2053
4.12865	2192
4.14518	2323
4.14528	2446
4.16527	2563
4.18333	2675
4.21732	2782
4.21741	2885
4.23749	2984
4.27148	3080
4.29156	3173
4.30961	3263
4.30971	3351
4.3437	3436
4.36378	3519
4.39777	3600
4.39786	3679
4.41794	3757
4.45193	3833
4.47201	3907
4.49006	3980
4.49016	4052
4.54418	3216
4.54423	2680
4.54428	2144
4.57822	1668
4.57827	1340
4.5983	1072
4.59834	1340
4.59834	1554
4.61488	1738
4.6616	1903
4.67814	2053
4.71129	2192
4.73213	2323
4.76536	2446
4.7862	2563
4.78629	2675
4.81952	2782
4.85846	2144
4.89165	1608
4.89169	1072
4.91253	1340
4.94576	1554
4.96238	1738
5.0156	1903
5.03214	2053
5.06706	2192
5.08612	2323
5.12112	2446
5.14019	2563
5.14029	2675
5.19436	1608
5.1944	1072
5.21246	1340
5.24746	1554
5.26408	1738
5.31797	1903
5.33451	2053
5.36403	2192
5.38208	2323
5.40646	2446
5.43607	2563
5.43616	2675
5.46054	2782
5.49015	2885
5.51453	2984
5.54405	3080
5.54414	3173
5.5622	3263
5.58641	3351
5.61601	3436
5.61611	3519
5.64049	3600
5.67009	3679
5.68832	3757
5.71261	3833
5.71271	3907
5.76673	3216
5.76678	2680
5.76682	2144
5.79638	1668
5.79643	1340
5.82085	1072
5.82089	1340
5.82089	1554
5.83743	1738
5.89352	1072
5.92296	1340
5.94717	1554
5.96379	1738
6.01751	1903
6.03405	2053
6.05219	2192
6.08002	2323
6.10626	2446
6.13401	2563
6.1341	2675
6.16025	2782
6.18809	2885
6.21432	2984
6.23254	3080
6.23264	3173
6.26047	3263
6.28671	3351
6.31446	3436
6.31455	3519
6.3407	3600
6.36854	3679
6.39477	3757
6.413	3833
6.41309	3907
6.46711	3216
6.46716	2680
6.46721	2144
6.49491	1668
6.49496	1340
6.52106	1072
6.52111	1340
6.52111	1554
6.53764	1738
6.58757	1903
6.60411	2053
6.63869	2192
6.65809	2323
6.69251	2446
6.71208	2563
6.71217	2675
6.74667	2782
6.76506	2885
6.78438	2984
6.81896	3080
6.81906	3173
6.83854	3263
6.87296	3351
6.89135	3436
6.89144	3519
6.91076	3600
6.94543	3679
6.96483	3757
6.99933	3833
6.99942	3907
7.05336	3216
7.05341	2680
7.05346	2144
7.0718	1668
7.07185	1340
7.09112	1072
7.09117	1340
7.09117	1554
7.1077	1738
7.16126	1903
7.17779	2053
7.19669	2192
7.23161	2323
7.25034	2446
7.26882	2563
7.26891	2675
7.30408	2782
7.32298	2885
7.3579	2984
7.37688	3080
7.37697	3173
7.41206	3263
7.43079	3351
7.44927	3436
7.44936	3519
7.48453	3600
7.50343	3679
7.53835	3757
7.55733	3833
7.55743	3907
7.61111	3216
7.61116	2680
7.61121	2144
7.62955	1668
7.6296	1340
7.66438	1072
7.66443	1340
7.66443	1554
7.68097	1738
7.7341	1903
7.75064	2053
7.77847	2192
7.79669	2323
7.82166	2446
7.8495	2563
7.84959	2675
7.87439	2782
7.90248	2885
7.92787	2984
7.95613	3080
7.95622	3173
7.97512	3263
8.00051	3351
8.02877	3436
8.02886	3519
8.05358	3600
8.08133	3679
8.10622	3757
8.13414	3833
8.13423	3907
8.15304	3980
8.17815	3216
8.20585	2680
8.2059	2144
8.23048	1668
8.23053	1340
8.23058	1072
8.25828	1340
8.25828	1554
8.27482	1738
8.29751	1903
8.3277	2053
8.35056	2192
8.38059	2323
8.38069	2446
8.40304	2563
8.43282	2675
8.45239	2782
8.4755	2885
8.4756	2984
8.50588	3080
8.52899	3173
8.55927	3263
8.55937	3351
8.58223	3436
8.61217	3519
8.63208	3600
8.65536	3679
8.65546	3757
8.68591	3833
8.70927	3907
8.73956	3980
8.76242	4052
8.76251	4122
8.7925	3216
8.81228	2680
8.81233	2144
8.83539	1668
8.83544	1340
8.83549	1072
8.86581	1340
8.86581	1554
8.88909	1738
8.90571	1903
8.92823	2053
8.94477	2192
8.97362	2323
8.99327	2446
9.01782	2563
9.04675	2675
9.04685	2782
9.07123	2885
9.09982	2984
9.12386	3080
9.15271	3173
9.1528	3263
9.17263	3351
9.19709	3436
9.22619	3519
9.22629	3600
9.25041	3679
9.27934	3757
9.30339	3833
9.33232	3907
9.33241	3980
9.37657	3216
9.37662	2680
9.37666	2144
9.40563	1668
9.40568	1340
9.42976	1072
9.4298	1340
9.4298	1554
9.44634	1738
9.49914	1903
9.51567	2053
9.53525	2192
9.56249	2323
9.58864	2446
9.61538	2563
9.61547	2675
9.64196	2782
9.6617	2885
9.68903	2984
9.71526	3080
9.71536	3173
9.74269	3263
9.76892	3351
9.79532	3436
9.79542	3519
9.82191	3600
9.84182	3679
9.86881	3757
9.89538	3833
9.89547	3907
9.94874	3216
9.94878	2680
9.94883	2144
9.97552	1668
9.97557	1340
10.0021	1072
10.0021	1340
10.0021	1554
10.0187	1738
10.0721	1903
10.0886	2053
10.1202	2192
10.1409	2323
10.172	2446
10.1921	2563
10.1922	2675
10.2134	2782
10.2447	2885
10.2658	2984
10.2966	3080
10.2967	3173
10.3175	3263
10.3478	3351
10.3679	3436
10.368	3519
10.3891	3600
10.4196	3679
10.4408	3757
10.4708	3833
10.4708	3907
10.5214	3216
10.5215	2680
10.5215	2144
10.5414	1668
10.5414	1340
10.5624	1072
10.5624	1340
10.5624	1554
10.579	1738
10.6453	1072
10.6672	1340
10.6943	1554
10.711	1738
10.761	1903
10.7775	2053
10.807	2192
10.8284	2323
10.8576	2446
10.8806	2563
10.8807	2675
10.9003	2782
10.9312	2885
10.9524	2984
10.9817	3080
10.9818	3173
11.0042	3263
11.0245	3351
11.0556	3436
11.0557	3519
11.0764	3600
11.1069	3679
11.1285	3757
11.1581	3833
11.1582	3907
11.2021	3216
11.2022	2680
11.2022	2144
11.2335	1668
11.2335	1340
11.255	1072
11.255	1340
11.255	1554
11.2716	1738
11.3238	1903
11.3403	2053
11.3627	2192
11.3843	2323
11.4158	2446
11.4371	2563
11.4372	2675
11.4684	2782
11.49	2885
11.5205	2984
11.543	3080
11.5431	3173
11.5647	3263
11.5962	3351
11.6174	3436
11.6175	3519
11.6485	3600
11.6702	3679
11.7005	3757
11.7231	3833
11.7232	3907
11.7447	3980
11.7975	3216
11.7975	2144
11.8282	1608
11.8282	1340
11.8283	1072
11.8503	1340
11.8504	1554
11.8669	1738
11.9151	1903
11.9316	2053
11.9607	2192
11.9844	2323
12.0122	2446
12.0365	2563
12.0366	2675
12.0646	2782
12.0874	2885
12.1109	2984
12.1397	3080
12.1398	3173
12.1633	3263
12.1909	3351
12.2155	3436
12.2156	3519
12.2434	3600
12.2665	3679
12.2899	3757
12.3186	3833
12.3187	3907
12.3425	3980
12.3706	3216
12.3928	2680
12.3929	2144
12.4165	1668
12.4166	1340
12.4166	1072
12.4456	1340
12.4456	1554
12.4621	1738
12.4928	1903
12.5147	2053
12.5449	2192
12.5675	2323
12.5676	2446
12.5893	2563
12.6203	2675
12.6415	2782
12.6722	2885
12.6723	2984
12.694	3080
12.7242	3173
12.7466	3263
12.7467	3351
12.768	3436
12.7989	3519
12.8197	3600
12.8502	3679
12.8503	3757
12.8725	3833
12.9024	3907
12.9253	3980
12.9467	4052
12.9468	4122
12.9772	3216
12.9982	2680
12.9983	2144
13.0279	1668
13.028	1340
13.028	1072
13.0497	1340
13.0497	1554
13.0785	1738
13.0951	1903
13.1161	2053
13.1327	2192
13.1598	2323
13.1827	2446
13.2101	2563
13.2338	2675
13.2339	2782
13.261	2885
13.2831	2984
13.3069	3080
13.3348	3173
13.3349	3263
13.3584	3351
13.3853	3436
13.4094	3519
13.4094	3600
13.4364	3679
13.459	3757
13.4828	3833
13.5108	3907
13.5109	3980
13.5345	4052
13.5615	3216
13.5837	2680
13.5838	2144
13.6087	1668
13.6088	1340
13.6088	1072
13.6362	1340
13.6362	1554
13.6527	1738
13.6817	1903
13.7043	2053
13.7329	2192
13.7561	2323
13.7562	2446
13.7791	2563
13.8089	2675
13.8317	2782
13.8611	2885
13.8612	2984
13.8841	3080
13.9129	3173
13.9362	3263
13.9363	3351
13.9594	3436
13.989	3519
14.0118	3600
14.041	3679
14.0411	3757
14.0641	3833
14.0928	3907
14.1163	3980
14.1393	4052
14.1394	4122
14.1689	3216
14.1919	2680
14.1919	2144
14.221	1668
14.2211	1340
14.2211	1072
14.2443	1340
14.2443	1554
14.2728	1738
14.2894	1903
14.312	2053
14.3801	1072
14.3966	1340
14.4206	1554
14.448	1738
14.4646	1903
14.4874	2053
14.5039	2192
14.5318	2323
14.5555	2446
14.5831	2563
14.6076	2675
14.6077	2782
14.6347	2885
14.6583	2984
14.6821	3080
14.7101	3173
14.7102	3263
14.7341	3351
14.7614	3436
14.7862	3519
14.7863	3600
14.8134	3679
14.8375	3757
14.8616	3833
14.8895	3907
14.8896	3980
14.9408	3216
14.9409	2680
14.9409	2144
14.9642	1668
14.9642	1340
14.9886	1072
14.9887	1340
14.9887	1554
15.0052	1738
15.057	1903
15.0735	2053
15.0981	2192
15.1256	2323
15.1479	2446
15.174	2563
15.1741	2675
15.2007	2782
15.2259	2885
15.2529	2984
15.2774	3080
15.2775	3173
15.3051	3263
15.327	3351
15.3525	3436
15.3526	3519
15.3791	3600
15.4038	3679
15.4309	3757
15.4551	3833
15.4552	3907
15.5046	3216
15.5046	2680
15.5047	2144
15.5292	1668
15.5292	1340
15.5558	1072
16.4552	536
16.7038	1072
16.7204	1340
16.772	1554
16.7886	1738
16.8402	1903
16.8567	2053
16.8802	2192
16.9066	2323
16.9319	2446
16.9584	2563
16.9585	2675
16.9839	2782
17.0107	2885
17.0355	2984
17.0593	3080
17.0594	3173
17.0859	3263
17.1113	3351
17.1379	3436
17.138	3519
17.1634	3600
17.1904	3679
17.2151	3757
17.239	3833
17.2391	3907
17.2908	3216
17.2908	2680
17.2909	2144
17.317	1668
17.317	1340
17.3424	1072
17.3425	1340
17.3425	1554
17.359	1738
17.4095	1903
17.4261	2053
17.4542	2192
17.4778	2323
17.5063	2446
17.5303	2563
17.5304	2675
17.5579	2782
17.5827	2885
17.6062	2984
17.6343	3080
17.6344	3173
17.6577	3263
17.6863	3351
17.7094	3436
17.7095	3519
17.7334	3600
17.7615	3679
17.7849	3757
17.8123	3833
17.8124	3907
17.863	3216
17.8631	2680
17.8631	2144
17.8861	1668
17.8862	1340
17.9093	1072
17.9094	1340
17.9094	1554
17.9259	1738
17.9758	1903
17.9924	2053
18.0155	2192
18.0424	2323
18.0644	2446
18.0881	2563
18.0882	2675
18.1142	2782
18.1372	2885
18.1632	2984
18.1865	3080
18.1866	3173
18.213	3263
18.2357	3351
18.2596	3436
18.3101	2680
18.3101	2144
18.3102	1608
18.3369	1072
18.3613	1340
18.3778	1554
18.4021	1738
18.425	1903
18.4522	2053
18.4762	2192
18.4927	2323
18.4928	2446
18.5186	2563
18.5438	2675
18.5704	2782
18.5705	2885
18.5936	2984
18.6191	3080
18.645	3173
18.6701	3263
18.6702	3351
18.6967	3436
18.7213	3519
18.7481	3600
18.7482	3679
18.7714	3757
18.7967	3833
18.8227	3907
18.848	3980
18.8481	4052
18.8998	3216
18.8998	2680
18.8999	2144
18.9267	1668
18.9267	1340
18.9504	1072
18.9504	1340
18.9504	1554
18.9669	1738
19.0177	1903
19.0343	2053
19.059	2192
19.0831	2323
19.1105	2446
19.1351	2563
19.1352	2675
19.1627	2782
19.1867	2885
19.2139	2984
19.2391	3080
19.2392	3173
19.2632	3263
19.2899	3351
19.3143	3436
19.3144	3519
19.3419	3600
19.366	3679
19.3933	3757
19.4187	3833
19.4188	3907
19.4697	3216
19.4697	2680
19.4698	2144
19.494	1668
19.4941	1340
19.5214	1072
19.5215	1340
19.5215	1554
19.538	1738
19.5903	1903
19.6068	2053
19.6307	2192
19.6587	2323
19.6827	2446
19.7103	2563
19.7104	2675
19.734	2782
19.762	2885
19.786	2984
19.8099	3080
19.81	3173
19.8376	3263
19.8617	3351
19.8887	3436
19.8888	3519
19.913	3600
19.9407	3679
19.9652	3757
19.9896	3833
19.9897	3907
20.0412	3216
20.0412	2680
20.0413	2144
20.0686	1668
20.0687	1340
20.0932	1072
20.0932	1340
20.0932	1554
20.1098	1738
20.1585	1903
20.175	2053
20.2012	2192
20.2253	2323
20.2516	2446
20.2751	2563
20.2752	2675
20.3001	2782
20.3261	2885
20.3508	2984
20.3766	3080
20.3767	3173
20.4004	3263
20.4271	3351
20.4507	3436
20.4507	3519
20.4755	3600
20.5016	3679
20.5264	3757
20.5527	3833
20.5528	3907
20.6031	3216
20.6031	2680
20.6031	2144
20.6265	1668
20.6265	1340
20.6506	1072
20.6506	1340
20.6506	1554
20.6672	1738
20.7169	1903
20.7335	2053
20.7584	2192
20.784	2323
20.8067	2446
20.8329	2563
20.833	2675
20.8569	2782
20.8833	2885
20.9077	2984
20.9331	3080
20.9332	3173
20.9591	3263
20.9821	3351
21.0087	3436
21.0088	3519
21.0329	3600
21.0592	3679
21.0839	3757
21.1091	3833
21.1092	3907
21.1579	3216
21.158	2680
21.158	2144
21.185	1668
21.185	1340
21.2091	1072
21.2091	1340
21.2091	1554
21.2257	1738
21.2768	1903
21.2933	2053
21.3186	2192
21.342	2323
21.3693	2446
21.3935	2563
21.3936	2675
21.4203	2782
21.4451	2885
21.4712	2984
21.4969	3080
21.497	3173
21.5208	3263
21.5483	3351
21.5726	3436
21.5727	3519
21.5995	3600
21.6244	3679
21.6479	3757
21.6756	3833
21.6757	3907
21.7276	3216
21.7276	2680
21.7277	2144
21.7517	1668
21.7517	1340
21.7783	1072
21.7784	1340
21.7784	1554
21.7949	1738
21.8451	1903
21.8616	2053
21.8872	2192
21.9137	2323
21.9382	2446
21.9645	2563
21.9646	2675
21.9893	2782
22.0141	2885
22.0406	2984
22.0658	3080
22.0659	3173
22.0923	3263
22.1166	3351
22.1433	3436
22.1434	3519
22.1682	3600
22.1928	3679
22.2196	3757
22.2449	3833
22.245	3907
22.2962	3216
22.2962	2680
22.2963	2144
22.3232	1668
22.3233	1340
22.3476	1072
22.3477	1340
22.3477	1554
22.3642	1738
22.4161	1903
22.4326	2053
22.4589	2192
22.484	2323
22.5108	2446
22.5345	2563
22.5346	2675
22.5607	2782
22.5863	2885
22.6114	2984
22.6381	3080
22.6382	3173
22.6897	2144
22.7133	1608
22.7133	1072
22.7395	1340
22.7651	1554
22.7817	1738
22.8321	1903
22.8486	2053
22.8741	2192
22.8979	2323
22.9246	2446
22.9487	2563
22.9488	2675
22.9747	2782
22.9998	2885
23.0235	2984
23.0499	3080
23.05	3173
23.0743	3263
23.1006	3351
23.1244	3436
23.1245	3519
23.15	3600
23.1748	3679
23.1981	3757
23.2239	3833
23.224	3907
23.2485	3980
23.2753	3216
23.2995	2680
23.2996	2144
23.3254	1668
23.3255	1340
23.3255	1072
23.351	1340
23.351	1554
23.3676	1738
23.393	1903
23.419	2053
23.4442	2192
23.4704	2323
23.4705	2446
23.495	2563
23.5215	2675
23.5455	2782
23.5709	2885
23.571	2984
23.5969	3080
23.6221	3173
23.6478	3263
23.6479	3351
23.673	3436
23.6994	3519
23.7227	3600
23.7485	3679
23.7485	3757
23.7998	3216
23.8259	2680
23.8259	2144
23.851	1668
23.8511	1340
23.8511	1072
23.8777	1340
23.8777	1554
23.8942	1738
23.9188	1903
23.9454	2053
23.971	2192
23.9973	2323
23.9974	2446
24.0226	2563
24.0487	2675
24.0737	2782
24.0985	2885
24.0986	2984
24.125	3080
24.1506	3173
24.177	3263
24.1771	3351
24.2019	3436
24.2285	3519
24.2536	3600
24.2785	3679
24.2786	3757
24.3052	3833
24.3306	3907
24.3571	3980
24.3819	4052
24.382	4122
24.4067	3216
24.4333	2680
24.4333	2144
24.4585	1668
24.4585	1340
24.4586	1072
24.4851	1340
24.4851	1554
24.5102	1738
24.5269	1903
24.5529	2053
24.5695	2192
24.5948	2323
24.6209	2446
24.6467	2563
24.6725	2675
24.6726	2782
24.698	2885
24.7242	2984
24.7486	3080
24.7737	3173
24.7738	3263
24.8004	3351
24.8257	3436
24.8517	3519
24.8518	3600
24.8772	3679
24.9038	3757
24.928	3833
24.9535	3907
24.9536	3980
25.0051	3216
25.0052	2680
25.0052	2144
25.0315	1668
25.0315	1340
25.0569	1072
25.0569	1340
25.0569	1554
25.0735	1738
25.1225	1903
25.139	2053
25.1643	2192
25.1905	2323
25.2164	2446
25.2417	2563
25.2418	2675
25.2681	2782
25.2909	2885
25.3168	2984
25.342	3080
25.3421	3173
25.3674	3263
25.3933	3351
25.418	3436
25.4181	3519
25.444	3600
25.4668	3679
25.4922	3757
25.5174	3833
25.5175	3907
25.5419	3980
25.5679	3216
25.5923	2680
25.5923	2144
25.618	1668
25.6181	1340
25.6182	1072
25.6413	1340
25.6413	1554
25.6578	1738
25.6818	1903
25.7055	2053
25.7304	2192
25.7532	2323
25.7533	2446
25.7775	2563
25.8025	2675
25.8263	2782
25.8517	2885
25.8518	2984
25.8757	3080
25.9017	3173
25.9256	3263
25.9257	3351
25.9502	3436
25.9761	3519
26.0011	3600
26.0276	3679
26.0276	3757
26.052	3833
26.0784	3907
26.1032	3980
26.1275	4052
26.1276	4122
26.1545	3216
26.1797	2680
26.1797	2144
26.2061	1668
26.2062	1340
26.2062	1072
26.2306	1340
26.2306	1554
26.2572	1738
26.2738	1903
26.2977	2053
26.3143	2192
26.3401	2323
26.3655	2446
26.3919	2563
26.417	2675
26.4171	2782
26.443	2885
26.4676	2984
26.4928	3080
26.5191	3173
26.5192	3263
26.5443	3351
26.5714	3436
26.5965	3519
26.5966	3600
26.6226	3679
26.6471	3757
26.6723	3833
26.6988	3907
26.6989	3980
26.7506	3216
26.7507	2680
26.7507	2144
26.7754	1668
26.7754	1340
26.8014	1072
26.8015	1340
26.8015	1554
26.818	1738
26.8692	1903
26.8858	2053
26.9116	2192
26.9374	2323
26.9614	2446
26.9882	2563
26.9883	2675
27.0133	2782
27.0392	2885
27.0647	2984
27.0902	3080
27.0903	3173
27.1161	3263
27.1401	3351
27.1668	3436
27.1668	3519
27.1922	3600
27.2182	3679
27.2435	3757
27.2694	3833
27.2695	3907
27.3192	3216
27.3193	2680
27.3193	2144
27.346	1668
27.3461	1340
27.3712	1072
27.3712	1340
27.3712	1554
27.3878	1738
27.4386	1903
27.4551	2053
27.4801	2192
27.5041	2323
27.5312	2446
27.5563	2563
27.5564	2675
27.5825	2782
27.6074	2885
27.6339	2984
27.6584	3080
27.6585	3173
27.683	3263
27.7097	3351
27.7344	3436
27.7602	2680
27.7847	2144
27.7847	1608
27.7848	1072
27.8105	1340
27.8346	1554
27.8512	1738
27.9014	1903
27.918	2053
27.9441	2192
27.9688	2323
27.9934	2446
28.0171	2563
28.0172	2675
28.0407	2782
28.0664	2885
28.0903	2984
28.116	3080
28.1161	3173
28.1406	3263
28.1652	3351
28.213	2680
28.2131	2144
28.2383	1608
28.2383	1072
28.2629	1340
28.2882	1554
28.3049	1738
28.3552	1903
28.3717	2053
28.3975	2192
28.4228	2323
28.4486	2446
28.4741	2563
28.4742	2675
28.4983	2782
28.5249	2885
28.5497	2984
28.5758	3080
28.5759	3173
28.6015	3263
28.6273	3351
28.6531	3436
28.6532	3519
28.6771	3600
28.7037	3679
28.7288	3757
28.7547	3833
28.7547	3907
28.8059	3216
28.806	2680
28.806	2144
28.8318	1668
28.8319	1340
28.8561	1072
28.8562	1340
28.8562	1554
28.8727	1738
28.9237	1903
28.9403	2053
28.9658	2192
28.9914	2323
29.0168	2446
29.0417	2563
29.0418	2675
29.0675	2782
29.0936	2885
29.1194	2984
29.1453	3080
29.1454	3173
29.1711	3263
29.1964	3351
29.2211	3436
29.2212	3519
29.2467	3600
29.2724	3679
29.2981	3757
29.3242	3833
29.3243	3907
29.3755	3216
29.3755	2680
29.3756	2144
29.4003	1668
29.4004	1340
29.4259	1072
29.426	1340
29.426	1554
29.4425	1738
29.4941	1903
29.5106	2053
29.5368	2192
29.5612	2323
29.5865	2446
29.6129	2563
29.613	2675
29.6382	2782
29.6646	2885
29.689	2984
29.7152	3080
29.7153	3173
29.741	3263
29.7661	3351
29.7924	3436
29.7925	3519
29.8173	3600
29.8436	3679
29.8683	3757
29.8944	3833
29.92	3216
29.9452	2144
29.9452	1608
29.9453	1340
29.9717	1072
29.9718	1340
29.9966	1554
30.0131	1738
30.0394	1903
30.0637	2053
30.0903	2192
30.1156	2323
30.1157	2446
30.1414	2563
30.1669	2675
30.1919	2782
30.2182	2885
30.2183	2984
30.2423	3080
30.2688	3173
30.294	3263
30.2941	3351
30.3196	3436
30.3451	3519
30.3699	3600
30.3955	3679
30.3956	3757
30.4196	3833
30.4455	3907
30.4703	3980
30.4955	4052
30.4956	4122
30.521	3216
30.5454	2680
30.5454	2144
30.5711	1668
30.5711	1340
30.5712	1072
30.5949	1340
30.5949	1554
30.6207	1738
30.6374	1903
30.6621	2053
30.6786	2192
30.703	2323
30.7283	2446
30.7523	2563
30.7771	2675
30.7772	2782
30.803	2885
30.8281	2984
30.854	3080
30.8793	3173
30.8794	3263
30.9053	3351
30.9292	3436
30.9543	3519
30.9544	3600
30.9798	3679
31.0051	3757
31.0307	3833
31.0553	3907
31.0554	3980
31.1065	3216
31.1065	2680
31.1066	2144
31.1322	1668
31.1323	1340
31.1577	1072
31.1578	1340
31.1578	1554
31.1743	1738
31.2258	1903
31.2424	2053
31.2686	2192
31.2936	2323
31.32	2446
31.3455	2563
31.3456	2675
31.3716	2782
31.3968	2885
31.4222	2984
31.4485	3080
31.4486	3173
31.4734	3263
31.4999	3351
31.5255	3436
31.5256	3519
31.5515	3600
31.5767	3679
31.6021	3757
31.6284	3833
31.6285	3907
31.6796	3216
31.6797	2680
31.6797	2144
31.7053	1668
31.7054	1340
31.7311	1072
31.7312	1340
31.7312	1554
31.7477	1738
31.7982	1903
31.8148	2053
31.84	2192
31.8658	2323
31.8916	2446
31.9173	2563
31.9174	2675
31.9425	2782
31.9675	2885
31.993	2984
32.0185	3080
32.0186	3173
32.0701	2144
32.0702	1608
32.0958	1072
32.0959	1340
32.1208	1554
32.1452	1738
32.1618	1903
32.1872	2053
32.2038	2192
32.2293	2323
32.2551	2446
32.2813	2563
32.306	2675
32.3061	2782
32.331	2885
32.3571	2984
32.3824	3080
32.4078	3173
32.4079	3263
32.4336	3351
32.4588	3436
32.485	3519
32.4851	3600
32.51	3679
32.5361	3757
32.5612	3833
32.5868	3907
32.5869	3980
32.6379	3216
32.638	2680
32.638	2144
32.6642	1668
32.6643	1340
32.6888	1072
32.6889	1340
32.6889	1554
32.7054	1738
32.7563	1903
32.7728	2053
32.7975	2192
32.8218	2323
32.8465	2446
32.8713	2563
32.8714	2675
32.8962	2782
32.9204	2885
32.945	2984
32.9693	3080
32.9694	3173
32.9938	3263
33.0181	3351
33.0432	3436
33.0433	3519
33.0691	3600
33.0938	3679
33.119	3757
33.1434	3833
33.1435	3907
33.1681	3980
33.2172	3216
33.2173	2144
33.2434	1608
33.2434	1340
33.2435	1072
33.268	1340
33.268	1554
33.2846	1738
33.3331	1903
33.3496	2053
33.3735	2192
33.3993	2323
33.4242	2446
33.4495	2563
33.4496	2675
33.4744	2782
33.4984	2885
33.5248	2984
33.5489	3080
33.549	3173
33.5752	3263
33.5999	3351
33.624	3436
33.6241	3519
33.6746	2680
33.6746	2144
33.701	1608
33.7011	1072
33.7255	1340
33.742	1554
33.7927	1738
33.8093	1903
33.8356	2053
33.8522	2192
33.8788	2323
33.9031	2446
33.93	2563
33.9551	2675
33.9552	2782
33.9801	2885
34.0071	2984
34.0317	3080
34.0587	3173
34.0588	3263
34.0833	3351
34.1101	3436
34.1354	3519
34.1355	3600
34.1601	3679
34.187	3757
34.2115	3833
34.2382	3907
34.2383	3980
34.2899	3216
34.2899	2680
34.29	2144
34.3148	1668
34.3148	1340
34.3399	1072
34.34	1340
34.34	1554
34.3565	1738
34.4072	1903
34.4237	2053
34.449	2192
34.4746	2323
34.5003	2446
34.525	2563
34.5251	2675
34.5515	2782
34.5761	2885
34.6024	2984
34.6279	3080
34.628	3173
34.6536	3263
34.6795	3351
34.7042	3436
34.7043	3519
34.7308	3600
34.7558	3679
34.782	3757
34.8077	3833
34.8078	3907
34.859	3216
34.859	2680
34.8591	2144
34.8839	1668
34.884	1340
34.9108	1072
34.9109	1340
34.9109	1554
34.9274	1738
34.9792	1903
34.9957	2053
35.0216	2192
35.0469	2323
35.0723	2446
35.0978	2563
35.0979	2675
35.1225	2782
35.1483	2885
35.1727	2984
35.1979	3080
35.198	3173
35.223	3263
35.2481	3351
35.2733	3436
35.2734	3519
35.2984	3600
35.3238	3679
35.3478	3757
35.3726	3833
35.3727	3907
35.3976	3980
35.4223	3216
35.4474	2680
35.4475	2144
35.4723	1668
35.4723	1340
35.4724	1072
35.4982	1340
35.4982	1554
35.5148	1738
35.5392	1903
35.5656	2053
35.5899	2192
35.6163	2323
35.6163	2446
35.6412	2563
35.6669	2675
35.6913	2782
35.7157	2885
35.7158	2984
35.7417	3080
35.766	3173
35.7916	3263
35.7917	3351
35.8165	3436
35.8418	3519
35.8661	3600
35.8904	3679
35.8904	3757
35.9163	3833
35.9406	3907
35.9664	3980
35.9917	4052
35.9918	4122
36.0175	3216
36.042	2680
36.042	2144
36.0671	1668
36.0671	1340
36.0672	1072
36.0934	1340
36.0934	1554
36.1183	1738
36.1349	1903
36.1599	2053
36.1765	2192
36.203	2323
36.2269	2446
36.2528	2563
36.2788	2675
36.2789	2782
36.3041	2885
36.3301	2984
36.3546	3080
36.381	3173
36.381	3263
36.4061	3351
36.4318	3436
36.4574	3519
36.4575	3600
36.4828	3679
36.5089	3757
36.5335	3833
36.5601	3907
36.5601	3980
36.6108	3216
36.6108	2680
36.6109	2144
36.6366	1668
36.6366	1340
36.662	1072
36.6621	1340
36.6621	1554
36.6786	1738
36.7281	1903
36.7446	2053
36.7694	2192
36.7959	2323
36.821	2446
36.8472	2563
36.8473	2675
36.8728	2782
36.898	2885
36.9242	2984
36.9489	3080
36.949	3173
36.9756	3263
37.0011	3351
37.0272	3436
37.0273	3519
37.0526	3600
37.0775	3679
37.1036	3757
37.1284	3833
37.1285	3907
37.1804	3216
37.1805	2680
37.1805	2144
37.2065	1668
37.2066	1340
37.2318	1072
37.2318	1340
37.2318	1554
37.2484	1738
37.2995	1903
37.316	2053
37.3414	2192
37.3676	2323
37.3932	2446
37.4429	1608
37.443	1072
37.4684	1340
37.485	1554
37.536	1738
37.5526	1903
37.5779	2053
37.5945	2192
37.6187	2323
37.644	2446
37.6695	2563
37.6953	2675
37.6954	2782
37.7207	2885
37.745	2984
37.7715	3080
37.7962	3173
37.7963	3263
37.8214	3351
37.8465	3436
37.8719	3519
37.872	3600
37.8966	3679
37.9205	3757
37.9458	3833
37.971	3907
37.9711	3980
37.9959	4052
38.021	3216
38.0468	2680
38.0469	2144
38.0713	1668
38.0713	1340
38.0714	1072
38.0954	1340
38.0954	1554
38.112	1738
38.1367	1903
38.1614	2053
38.1857	2192
38.2108	2323
38.2109	2446
38.2354	2563
38.2607	2675
38.285	2782
38.31	2885
38.3101	2984
38.3349	3080
38.3602	3173
38.3856	3263
38.3857	3351
38.4102	3436
38.4356	3519
38.46	3600
38.4857	3679
38.4858	3757
38.5108	3833
38.5362	3907
38.5617	3980
38.5864	4052
38.5865	4122
38.6123	3216
38.637	2680
38.637	2144
38.6631	1668
38.6632	1340
38.6632	1072
38.6883	1340
38.6883	1554
38.7139	1738
38.7305	1903
38.756	2053
38.7726	2192
38.797	2323
38.8227	2446
38.8476	2563
38.8741	2675
38.8741	2782
38.899	2885
38.9252	2984
38.9507	3080
38.9755	3173
38.9756	3263
39.002	3351
39.0266	3436
39.0533	3519
39.0534	3600
39.078	3679
39.1033	3757
39.1298	3833
39.1547	3907
39.1548	3980
39.2061	3216
39.2061	2680
39.2062	2144
39.2328	1668
39.2329	1340
39.2576	1072
39.2576	1340
39.2576	1554
39.2741	1738
39.3252	1903
39.3417	2053
39.3672	2192
39.3927	2323
39.4186	2446
39.4438	2563
39.4439	2675
39.4684	2782
39.4944	2885
39.52	2984
39.545	3080
39.5451	3173
39.5713	3263
39.5968	3351
39.6471	2680
39.6472	2144
39.6731	1608
39.6732	1072
39.6988	1340
39.7241	1554
39.7407	1738
39.7921	1903
39.8086	2053
39.834	2192
39.8597	2323
39.8856	2446
39.911	2563
39.9111	2675
39.9372	2782
39.9627	2885
39.9876	2984
40.0134	3080
40.0135	3173
40.0388	3263
40.065	3351
40.0901	3436
40.0902	3519
40.116	3600
40.142	3679
40.1666	3757
40.1929	3833
40.193	3907
40.2442	3216
40.2443	2680
40.2443	2144
40.2696	1668
40.2696	1340
40.2946	1072
40.2947	1340
40.2947	1554
40.3112	1738
40.3625	1903
40.379	2053
40.4028	2192
40.4296	2323
40.4534	2446
40.4786	2563
40.4787	2675
40.5043	2782
40.5286	2885
40.5551	2984
40.5782	3080
40.5783	3173
40.6053	3263
40.6288	3351
40.654	3436
40.6541	3519
40.6795	3600
40.7041	3679
40.7309	3757
40.754	3833
40.7541	3907
40.8041	3216
40.8041	2680
40.8042	2144
40.8289	1668
40.829	1340
40.8545	1072
40.8545	1340
40.8545	1554
40.8711	1738
40.9213	1903
40.9379	2053
40.9634	2192
40.9877	2323
41.0132	2446
41.0391	2563
41.0392	2675
41.0647	2782
41.0909	2885
41.1165	2984
41.1426	3080
41.1427	3173
41.1671	3263
41.1927	3351
41.2184	3436
41.2185	3519
41.244	3600
41.2702	3679
41.295	3757
41.3215	3833
41.3216	3907
41.3717	3216
41.3717	2680
41.3718	2144
41.3971	1668
41.3972	1340
41.4225	1072
41.4226	1340
41.4226	1554
41.4391	1738
41.4895	1903
41.506	2053
41.5302	2192
41.5564	2323
41.5817	2446
41.6078	2563
41.6079	2675
41.6339	2782
41.6584	2885
41.684	2984
41.7095	3080
41.7096	3173
41.7359	3263
41.7609	3351
41.7865	3436
41.7866	3519
41.8126	3600
41.8367	3679
41.8627	3757
41.8882	3833
41.8883	3907
41.9401	3216
41.9401	2680
41.9402	2144
41.9654	1668
41.9655	1340
41.9916	1072
41.9916	1340
41.9916	1554
42.0082	1738
42.0593	1903
42.0759	2053
42.1026	2192
42.127	2323
42.1537	2446
42.1785	2563
42.1785	2675
42.2043	2782
42.23	2885
42.2556	2984
42.2823	3080
42.2824	3173
42.3067	3263
42.3333	3351
42.3575	3436
42.3576	3519
42.3832	3600
42.4084	3679
42.4338	3757
42.4602	3833
42.4603	3907
42.5112	3216
42.5113	2680
42.5113	2144
42.5355	1668
42.5355	1340
42.5615	1072
42.5616	1340
42.5616	1554
42.5781	1738
42.6291	1903
42.6456	2053
42.6694	2192
42.6963	2323
42.7206	2446
42.7454	2563
42.7455	2675
42.7715	2782
42.7958	2885
42.8227	2984
42.8465	3080
42.8466	3173
42.8726	3263
42.8974	3351
42.9215	3436
42.9216	3519
42.9476	3600
42.9712	3679
42.9979	3757
43.0212	3833
43.0213	3907
43.0462	3980
43.0724	3216
43.0964	2680
43.0965	2144
43.123	1668
43.1231	1340
43.1231	1072
43.1473	1340
43.1473	1554
43.1638	1738
43.1886	1903
43.2131	2053
43.2394	2192
43.2637	2323
43.2638	2446
43.2903	2563
43.3137	2675
43.34	2782
43.3649	2885
43.3651	2984
43.3893	3080
43.4404	2144
43.4404	1608
43.4677	1072
43.4916	1340
43.5081	1554
43.5343	1738
43.5587	1903
43.6095	1072
43.626	1340
43.6763	1554
43.6929	1738
43.7424	1903
43.7589	2053
43.7844	2192
43.8101	2323
43.8361	2446
43.8606	2563
43.8607	2675
43.8878	2782
43.9119	2885
43.9379	2984
43.9633	3080
43.9634	3173
43.9888	3263
44.0149	3351
44.0391	3436
44.0392	3519
44.0662	3600
44.0906	3679
44.1167	3757
44.1421	3833
44.1422	3907
44.1939	3216
44.1939	2680
44.1939	2144
44.2184	1668
44.2185	1340
44.2454	1072
44.2455	1340
44.2455	1554
44.262	1738
44.3132	1903
44.3298	2053
44.3562	2192
44.3815	2323
44.4063	2446
44.4324	2563
44.4325	2675
44.4576	2782
44.4841	2885
44.5085	2984
44.5348	3080
44.5349	3173
44.5604	3263
44.585	3351
44.611	3436
44.6111	3519
44.6367	3600
44.6634	3679
44.6883	3757
44.7144	3833
44.7144	3907
44.7645	3216
44.7646	2680
44.7646	2144
44.7907	1668
44.7907	1340
44.8159	1072
44.816	1340
44.816	1554
44.8325	1738
44.883	1903
44.8996	2053
44.9247	2192
44.9496	2323
44.9756	2446
45.0008	2563
45.0009	2675
45.0273	2782
45.0523	2885
45.0782	2984
45.104	3080
45.1041	3173
45.1289	3263
45.1547	3351
45.1801	3436
45.1801	3519
45.206	3600
45.2307	3679
45.256	3757
45.2813	3833
45.2814	3907
45.3054	3980
45.3314	3216
45.3567	2680
45.3568	2144
45.3824	1668
45.3825	1340
45.3825	1072
45.407	1340
45.407	1554
45.4236	1738
45.4493	1903
45.4736	2053
45.4992	2192
45.5242	2323
45.5243	2446
45.5499	2563
45.5747	2675
45.5999	2782
45.6249	2885
45.625	2984
45.6495	3080
45.6749	3173
45.6998	3263
45.6999	3351
45.7258	3436
45.7507	3519
45.7753	3600
45.8002	3679
45.8003	3757
45.8261	3833
45.8518	3907
45.8771	3980
45.9027	4052
45.9028	4122
45.928	3216
45.9525	2680
45.9526	2144
45.9776	1668
45.9776	1340
45.9777	1072
46.0035	1340
46.0035	1554
46.0289	1738
46.0455	1903
46.0699	2053
46.0864	2192
46.1117	2323
46.1361	2446
46.1625	2563
46.1874	2675
46.1875	2782
46.2137	2885
46.2386	2984
46.2642	3080
46.2903	3173
46.2903	3263
46.3144	3351
46.3407	3436
46.3657	3519
46.3658	3600
46.3915	3679
46.4167	3757
46.4419	3833
46.4683	3907
46.4684	3980
46.5184	3216
46.5185	2680
46.5185	2144
46.5444	1668
46.5445	1340
46.5703	1072
46.5704	1340
46.5704	1554
46.5869	1738
46.6375	1903
46.6541	2053
46.6787	2192
46.7048	2323
46.7306	2446
46.7567	2563
46.7568	2675
46.7817	2782
46.8074	2885
46.8332	2984
46.8583	3080
46.8584	3173
46.8847	3263
46.9105	3351
46.9366	3436
46.9367	3519
46.9614	3600
46.9861	3679
47.0127	3757
47.038	3833
47.0381	3907
47.0899	3216
47.09	2680
47.09	2144
47.1164	1668
47.1164	1340
47.1412	1072
47.1413	1340
47.1413	1554
47.1578	1738
47.2097	1903
47.2262	2053
47.2523	2192
47.2782	2323
47.304	2446
47.3291	2563
47.3292	2675
47.354	2782
47.3806	2885
47.4062	2984
47.4325	3080
47.4326	3173
47.4578	3263
47.4842	3351
47.5092	3436
47.5093	3519
47.5344	3600
47.5608	3679
47.5864	3757
47.6127	3833
47.6128	3907
47.6645	3216
47.6646	2680
47.6646	2144
47.6892	1668
47.6892	1340
47.7143	1072
47.7144	1340
47.7144	1554
47.7309	1738
47.7824	1903
47.7989	2053
47.8236	2192
47.8497	2323
47.874	2446
47.8997	2563
47.8998	2675
47.9255	2782
47.9509	2885
47.9765	2984
48.0011	3080
48.0012	3173
48.0274	3263
48.0515	3351
48.077	3436
48.0771	3519
48.1033	3600
48.1287	3679
48.1537	3757
48.1784	3833
48.1785	3907
48.2284	3216
48.2285	2680
48.2285	2144
48.2532	1668
48.2532	1340
48.2787	1072
48.2787	1340
48.2787	1554
48.2952	1738
48.344	1903
48.3605	2053
48.3858	2192
48.4105	2323
48.4361	2446
48.4606	2563
48.5108	1608
48.5109	1072
48.5357	1340
48.561	1554
48.5777	1738
48.6281	1903
48.6446	2053
48.6703	2192
48.6944	2323
48.7198	2446
48.745	2563
48.7451	2675
48.771	2782
48.7967	2885
48.8218	2984
48.8484	3080
48.8485	3173
48.8727	3263
48.8981	3351
48.9234	3436
48.9235	3519
48.9494	3600
48.9752	3679
49	3757
49.0265	3833
49.0266	3907
49.0764	3216
49.0765	2680
49.0765	2144
49.1017	1668
49.1018	1340
49.1275	1072
49.1276	1340
49.1276	1554
49.1441	1738
49.1955	1903
49.212	2053
49.2371	2192
49.2619	2323
49.2882	2446
49.3135	2563
49.3136	2675
49.339	2782
49.3643	2885
49.3899	2984
49.4149	3080
49.415	3173
49.4396	3263
49.4656	3351
49.4913	3436
49.4914	3519
49.5165	3600
49.5424	3679
49.5678	3757
49.593	3833
49.5931	3907
49.6437	3216
49.6438	2680
49.6438	2144
49.6698	1668
49.6699	1340
49.6947	1072
49.6948	1340
49.6948	1554
49.7113	1738
49.7621	1903
49.7786	2053
49.8046	2192
49.8291	2323
49.8562	2446
49.8813	2563
49.8814	2675
49.9067	2782
49.9317	2885
49.9576	2984
49.9836	3080
49.9837	3173
50.0081	3263
50.0349	3351
50.0599	3436
50.0599	3519
50.0854	3600
50.1104	3679
50.1362	3757
50.1623	3833
50.1624	3907
50.2133	3216
50.2133	2680
50.2134	2144
50.2383	1668
50.2383	1340
50.2635	1072
50.2636	1340
50.2636	1554
50.2801	1738
50.3308	1903
50.3473	2053
50.3722	2192
50.3978	2323
50.4226	2446
50.4474	2563
50.4475	2675
50.4735	2782
50.4987	2885
50.5239	2984
50.5483	3080
50.5483	3173
50.5737	3263
50.598	3351
50.6228	3436
50.6229	3519
50.6487	3600
50.6744	3679
50.6996	3757
50.7249	3833
50.725	3907
50.7754	3216
50.7754	2680
50.7755	2144
50.8	1668
50.8	1340
50.8258	1072
50.8259	1340
50.8259	1554
50.8424	1738
50.8924	1903
50.9089	2053
50.9342	2192
50.9592	2323
50.9839	2446
51.0093	2563
51.0094	2675
51.0353	2782
51.0599	2885
51.0852	2984
51.1096	3080
51.1097	3173
51.136	3263
51.1609	3351
51.1867	3436
51.1867	3519
51.2132	3600
51.2384	3679
51.2637	3757
51.288	3833
51.2881	3907
51.3391	3216
51.3391	2680
51.3391	2144
51.3647	1668
51.3648	1340
51.3911	1072
51.3911	1340
51.3911	1554
51.4076	1738
51.4575	1903
51.474	2053
51.4998	2192
51.5255	2323
51.5506	2446
51.5772	2563
51.5773	2675
51.6025	2782
51.6281	2885
51.6535	2984
51.6794	3080
51.6795	3173
51.7053	3263
51.7304	3351
51.7565	3436
51.8071	2680
51.8072	2144
51.8072	1608
51.8326	1072
51.8584	1340
51.8749	1554
51.8995	1738
51.925	1903
51.9506	2053
51.9923	1072
52.044	1340
52.0605	1554
52.0854	1738
52.1113	1903
52.1371	2053
52.1617	2192
52.1782	2323
52.1783	2446
52.2049	2563
52.2305	2675
52.2563	2782
52.2564	2885
52.2819	2984
52.3075	3080
52.333	3173
52.3579	3263
52.358	3351
52.3845	3436
52.4104	3519
52.436	3600
52.4361	3679
52.4618	3757
52.4864	3833
52.5126	3907
52.5373	3980
52.5374	4052
52.589	3216
52.5891	2680
52.5891	2144
52.6147	1668
52.6147	1340
52.6398	1072
52.6399	1340
52.6399	1554
52.6564	1738
52.7066	1903
52.7231	2053
52.7484	2192
52.7743	2323
52.7992	2446
52.8245	2563
52.8246	2675
52.8491	2782
52.875	2885
52.8998	2984
52.9249	3080
52.9251	3173
52.9501	3263
52.9748	3351
52.9997	3436
52.9998	3519
53.0241	3600
53.0497	3679
53.0743	3757
53.099	3833
53.0991	3907
53.1489	3216
53.1489	2680
53.149	2144
53.1738	1668
53.1738	1340
53.198	1072
53.198	1340
53.198	1554
53.2146	1738
53.2645	1903
53.2811	2053
53.3061	2192
53.3312	2323
53.3553	2446
53.3807	2563
53.3808	2675
53.4064	2782
53.4315	2885
53.4558	2984
53.4811	3080
53.4812	3173
53.5063	3263
53.5302	3351
53.5558	3436
53.5559	3519
53.5813	3600
53.6068	3679
53.6312	3757
53.6556	3833
53.6557	3907
53.7056	3216
53.7057	2680
53.7316	2144
53.7317	1668
53.7571	1340
53.7571	1072
53.7572	1340
53.7572	1554
53.7834	1738
53.8	1903
53.8255	2053
53.8421	2192
53.8675	2323
53.8935	2446
53.9192	2563
53.945	2675
53.9451	2782
53.9709	2885
53.9958	2984
54.0212	3080
54.0465	3173
54.0466	3263
54.0724	3351
54.0976	3436
54.1229	3519
54.123	3600
54.1489	3679
54.1739	3757
54.1992	3833
54.2245	3907
54.2246	3980
54.2758	3216
54.2758	2680
54.2759	2144
54.3011	1668
54.3011	1340
54.327	1072
54.3271	1340
54.3271	1554
54.3436	1738
54.3942	1903
54.4108	2053
54.4358	2192
54.4614	2323
54.4866	2446
54.5123	2563
54.5124	2675
54.5381	2782
54.5626	2885
54.5894	2984
54.6145	3080
54.6146	3173
54.6403	3263
54.6656	3351
54.6913	3436
54.6914	3519
54.7168	3600
54.7415	3679
54.7686	3757
54.7936	3833
54.7937	3907
54.8447	3216
54.8447	2680
54.8448	2144
54.8701	1668
54.8702	1340
54.895	1072
54.895	1340
54.895	1554
54.9116	1738
54.9625	1903
54.9791	2053
55.0036	2192
55.0291	2323
55.0541	2446
55.0793	2563
55.0794	2675
55.1053	2782
55.1311	2885
55.1571	2984
55.1819	3080
55.182	3173
55.2076	3263
55.233	3351
55.2586	3436
55.2587	3519
55.2844	3600
55.3098	3679
55.3357	3757
55.36	3833
55.3601	3907
55.4099	3216
55.41	2680
55.41	2144
55.4351	1668
55.4352	1340
55.4601	1072
55.4601	1340
55.4601	1554
55.4767	1738
55.526	1903
55.5425	2053
55.5676	2192
55.5921	2323
55.6163	2446
55.6414	2563
55.6415	2675
55.6653	2782
55.6908	2885
55.7147	2984
55.7394	3080
55.7394	3173
55.764	3263
55.7887	3351
55.8137	3436
55.8138	3519
55.8379	3600
55.8635	3679
55.888	3757
55.9136	3833
55.9137	3907
55.9652	3216
55.9653	2680
55.9653	2144
55.9908	1668
55.9909	1340
56.0159	1072
56.0159	1340
56.0159	1554
56.0325	1738
56.0827	1903
56.0992	2053
56.1251	2192
56.1507	2323
56.1759	2446
56.2014	2563
56.2015	2675
56.2272	2782
56.2521	2885
56.2775	2984
56.3033	3080
56.3034	3173
56.3292	3263
56.3543	3351
56.3798	3436
56.3799	3519
56.4043	3600
56.4302	3679
56.4556	3757
56.4812	3833
56.4813	3907
56.5325	3216
56.5326	2680
56.5326	2144
56.5579	1668
56.5579	1340
56.5832	1072
56.5832	1340
56.5832	1554
56.5998	1738
56.6509	1903
56.6675	2053
56.6935	2192
56.7186	2323
56.7445	2446
56.7696	2563
56.7696	2675
56.7961	2782
56.8214	2885
56.8472	2984
56.8731	3080
56.8732	3173
56.8983	3263
56.9244	3351
56.9494	3436
56.9495	3519
56.9757	3600
57.0007	3679
57.0261	3757
57.0519	3833
57.052	3907
57.1029	3216
57.103	2680
57.103	2144
57.1281	1668
57.1281	1340
57.1543	1072
57.1544	1340
57.1544	1554
57.1709	1738
57.2209	1903
57.2375	2053
57.2628	2192
57.2882	2323
57.3139	2446
57.3399	2563
57.34	2675
57.3654	2782
57.3905	2885
57.4167	2984
57.4418	3080
57.4419	3173
57.467	3263
57.4928	3351
57.5186	3436
57.5187	3519
57.5445	3600
57.5696	3679
57.5959	3757
57.6215	3833
57.6216	3907
57.6723	3216
57.6723	2680
57.6724	2144
57.6977	1668
57.6978	1340
57.7234	1072
57.7234	1340
57.7234	1554
57.74	1738
57.7895	1903
57.8061	2053
57.8318	2192
57.8561	2323
57.8814	2446
57.9061	1608
57.9295	1072
57.9552	1340
57.9717	1554
57.9964	1738
58.021	1903
58.046	2053
58.0711	2192
58.0877	1608
58.1126	1072
58.1127	1340
58.1376	1554
58.1632	1738
58.1798	1903
58.2049	2053
58.2215	2192
58.2468	2323
58.2707	2446
58.296	2563
58.3208	2675
58.3209	2782
58.3457	2885
58.371	2984
58.3958	3080
58.4219	3173
58.422	3263
58.4462	3351
58.472	3436
58.4972	3519
58.4973	3600
58.5225	3679
58.5477	3757
58.5723	3833
58.599	3907
58.5991	3980
58.6492	3216
58.6493	2680
58.6493	2144
58.6746	1668
58.6746	1340
58.7008	1072
58.7009	1340
58.7009	1554
58.7174	1738
58.7693	1903
58.7858	2053
58.8107	2192
58.8363	2323
58.8625	2446
58.8875	2563
58.8876	2675
58.9139	2782
58.9386	2885
58.9648	2984
58.9896	3080
58.9897	3173
59.0145	3263
59.0402	3351
59.0649	3436
59.065	3519
59.0908	3600
59.1151	3679
59.1405	3757
59.1662	3833
59.1663	3907
59.2178	3216
59.2178	2680
59.2179	2144
59.2432	1668
59.2433	1340
59.2692	1072
59.2692	1340
59.2692	1554
59.2858	1738
59.3372	1903
59.3538	2053
59.3779	2192
59.4045	2323
59.4297	2446
59.4547	2563
59.4548	2675
59.4807	2782
59.5052	2885
59.5316	2984
59.5563	3080
59.5564	3173
59.583	3263
59.6081	3351
59.6333	3436
59.6334	3519
59.6596	3600
59.684	3679
59.7101	3757
59.7346	3833
59.7347	3907
59.786	3216
59.786	2680
59.7861	2144
59.8108	1668
59.8109	1340
59.8367	1072
59.8368	1340
59.8368	1554
59.8533	1738
59.9042	1903
59.9208	2053
59.9459	2192
59.9727	2323
59.9972	2446
