0.00801856	5360
0.0161259	5896
0.0162203	6432
0.0163147	6968
0.0164091	7504
0.0165035	8040
0.024229	8576
0.0243234	9112
0.0244178	9648
0.0245122	10184
0.0246066	10720
0.024701	11256
0.0247954	11792
0.032332	12328
0.0324264	12864
0.0325208	13400
0.0326152	13936
0.0327096	14472
0.0328997	13936
0.0329469	13400
0.0329941	13022
0.0330413	12717
0.0330885	12412
0.0331357	12107
0.0331829	11802
0.0332301	11497
0.0332773	11192
0.0404363	10887
0.0404835	10582
0.0405307	10277
0.0405779	9972
0.0406251	9667
0.0406723	9362
0.0407195	9057
0.0407667	8752
0.0408139	8447
0.0408611	8142
0.0409083	7837
0.0409555	7532
0.0410027	7227
0.0410499	6700
0.0410971	6432
0.0412374	6700
0.0412374	6742
0.0413318	6784
0.0486338	6826
0.0488698	6868
0.0490586	6909
0.0492474	6950
0.0493418	6991
0.0494821	7032
0.056784	7072
0.05702	7112
0.0572088	7152
0.0573976	7192
0.057492	7231
0.0575864	7270
0.064887	7309
0.065123	7348
0.0653118	7387
0.0655006	7425
0.0657379	6432
0.0729914	5896
0.0730386	5414
0.0732274	5075
0.0732746	4735
0.0734162	4396
0.0736062	4056
0.0736534	3717
0.0737491	2680
0.0738894	2948
0.0815205	2680
0.0818522	2948
0.0818522	3045
0.0819466	3139
0.0896235	3230
0.0900496	3318
0.0977266	3404
0.097821	3488
0.0981998	3570
0.105877	3650
0.105971	3728
0.10635	3805
0.114027	3880
0.114121	3954
0.1145	4026
0.12213	4097
0.122224	4167
0.122603	4235
0.130233	4302
0.130328	4368
0.130706	4433
0.147689	4497
0.147784	4560
0.168115	4623
0.180773	4685
0.203634	4746
0.203728	4806
0.217988	4865
0.240849	4924
0.254856	4982
0.267514	5039
0.267609	5096
0.290469	5152
0.30473	5207
0.32759	5262
0.327685	5316
0.36476	4288
0.364807	3752
0.364854	3216
0.378814	2827
0.378861	2461
0.391472	1876
0.39152	1608
0.414379	1876
0.414379	2029
0.428639	2170
0.453945	2302
0.467868	2426
0.470492	2544
0.505664	2656
0.505758	2764
0.522295	2867
0.54406	2967
0.544154	3063
0.560606	3156
0.560701	3247
0.581875	3335
0.597653	3421
0.618996	3504
0.619091	3585
0.631496	3665
0.647274	3743
0.668617	3819
0.684395	3894
0.684489	3967
0.705832	4039
0.72161	4110
0.742953	4179
0.743047	4247
0.755453	4314
0.77123	4380
0.792573	4445
0.808351	4509
0.808446	4572
0.829789	4634
0.845567	4695
0.86691	4756
0.879315	4816
0.879409	4875
0.895187	4933
0.91653	4991
0.932308	5048
0.932403	5104
0.953746	5160
0.969524	5215
0.990867	5270
1.00327	5324
1.00337	5377
1.04044	4824
1.04049	4288
1.04054	3752
1.05627	3395
1.05631	3038
1.07761	2144
1.09011	2278
1.09417	2404
1.13111	2523
1.1312	2636
1.15086	2744
1.16832	2848
1.18798	2948
1.20544	3045
1.20554	3139
1.22199	3230
1.22208	3318
1.24486	3404
1.25912	3488
1.28198	3570
1.28208	3650
1.29634	3728
1.3192	3805
1.3332	3880
1.34586	3954
1.34596	4026
1.38308	3216
1.38313	2680
1.40594	2144
1.40599	1668
1.40603	1340
1.42025	1072
1.42029	1340
1.42029	1554
1.44315	1738
1.45978	1903
1.47631	2053
1.49825	2192
1.51478	2323
1.51488	2446
1.53614	2563
1.55183	2675
1.55268	2782
1.586	2885
1.58609	2984
1.60255	3080
1.60264	3173
1.62348	3263
1.63968	3351
1.6606	3436
1.67689	2680
1.69777	2144
1.69781	1608
1.69786	1072
1.71027	1340
1.7268	1554
1.76366	1738
1.78028	1903
1.79682	2053
1.81943	2192
1.83596	2323
1.83606	2446
1.85411	2563
1.87309	2675
1.89123	2782
1.89133	2885
1.91031	2984
1.92845	3080
1.94743	3173
1.95984	3263
1.96389	3351
1.98557	3436
2.02274	2680
2.03797	2144
2.03801	1608
2.03806	1072
2.05055	1340
2.07231	1554
2.08894	1738
2.12588	1903
2.14242	2053
2.15963	2192
2.17616	2323
2.19929	1608
2.19934	1072
2.21587	1340
2.25281	1554
2.26943	1738
2.28606	1903
2.30259	2053
2.32554	2192
2.34207	2323
2.34217	2446
2.36461	2563
2.37921	2675
2.38115	2782
2.41515	2885
2.41524	2984
2.43169	3080
2.43179	3173
2.45296	3263
2.46882	3351
2.49008	3436
2.52725	2680
2.5273	2144
2.52735	1608
2.5397	1072
2.55557	1340
2.57708	1554
2.5937	1738
2.63056	1903
2.64709	2053
2.66363	2192
2.68017	2323
2.68026	2446
2.70101	2563
2.7173	2675
2.71756	2782
2.75442	2885
2.75451	2984
2.77535	3080
2.78775	3173
2.80404	3263
2.82488	3351
2.82497	3436
2.84125	3519
2.86209	3600
2.87838	3679
2.89921	3757
2.89931	3833
2.91171	3907
2.91577	3980
2.93585	4052
2.93594	4122
2.9529	4191
2.97306	4259
2.99002	4326
3.00243	4392
3.00252	4457
3.02268	4521
3.03964	4584
3.0598	4646
3.07676	4707
3.07686	4768
3.09702	4828
3.11398	4887
3.12648	4288
3.14659	3752
3.14664	3216
3.16355	2827
3.1636	2461
3.16365	1876
3.18376	1608
3.20072	1876
3.20072	2029
3.20081	2170
3.22098	2302
3.23793	2426
3.25034	2544
3.25448	2656
3.29142	2764
3.29152	2867
3.31488	2967
3.32864	3063
3.35201	3156
3.36551	3247
3.36847	3335
3.38281	3421
3.40542	3504
3.41993	3585
3.44254	3665
3.44264	3743
3.45715	3819
3.47976	3894
3.49225	3967
3.50668	4039
3.50677	4110
3.52938	4179
3.54389	4247
3.5665	4314
3.56659	4380
3.58111	4445
3.60371	4509
3.6162	4572
3.63063	4634
3.63073	4695
3.65333	4756
3.6905	3752
3.70497	3216
3.70502	2680
3.70506	2252
3.72762	1608
3.74016	1786
3.74422	1946
3.78116	2093
3.7977	2230
3.81735	2358
3.83465	2479
3.85447	2594
3.86688	2704
3.87102	2810
3.90796	2912
3.90806	3010
3.92932	3105
3.94518	3197
3.95758	3286
3.97884	3373
3.97894	3458
3.9948	3541
4.01606	3622
4.03192	3701
4.05318	3778
4.05327	3854
4.06914	3928
4.06974	4001
4.08214	4072
4.08561	4142
4.10881	4211
4.12264	4279
4.14593	4346
4.15977	4412
4.15986	4477
4.18314	4541
4.19639	4604
4.20939	4666
4.23267	4727
4.23276	4787
4.2466	4847
4.26988	4906
4.28372	4964
4.28382	5021
4.3071	5078
4.32035	5134
4.33334	5189
4.35663	5244
4.35672	5298
4.39379	4288
4.39384	3752
4.39389	3216
4.40768	2827
4.40773	2461
4.43096	1876
4.43101	1608
4.44426	1876
4.44426	2029
4.44756	2170
4.4845	2302
4.48459	2426
4.50113	2544
4.5223	2656
4.5224	2764
4.53893	2867
4.55977	2967
4.55987	3063
4.57632	3156
4.57641	3247
4.59641	3335
4.61345	3421
4.63353	3504
4.63362	3585
4.65067	3665
4.67074	3743
4.68779	3819
4.70019	3894
4.70029	3967
4.72036	4039
4.73741	4110
4.75748	4179
4.75758	4247
4.77462	4314
4.78703	4380
4.80711	4445
4.82415	4509
4.82424	4572
4.84432	4634
4.86136	4695
4.88144	4756
4.89848	4816
4.89858	4875
4.91103	4288
4.93106	3752
4.93111	3216
4.94811	2827
4.94815	2461
4.9482	1876
4.96823	1608
4.98527	1876
4.98527	2029
4.98537	2170
5.00545	2302
5.02249	2426
5.03904	1608
5.06219	1072
5.07602	1340
5.09256	1554
5.1295	1738
5.14612	1903
5.16266	2053
5.18586	2192
5.2024	2323
5.20249	2446
5.22552	2563
5.23953	2675
5.24207	2782
5.27682	2885
5.27691	2984
5.29336	3080
5.29346	3173
5.31505	3263
5.3305	3351
5.35218	3436
5.35227	3519
5.36771	3600
5.38939	3679
5.4018	3757
5.41724	3833
5.41733	3907
5.43901	3980
5.45445	4052
5.47613	4122
5.47623	4191
5.49167	4259
5.51335	4326
5.52575	4392
5.54119	4457
5.54129	4521
5.56297	4584
5.57841	4646
5.60009	4707
5.61553	4768
5.61562	4828
5.6373	4887
5.64971	4945
5.66515	5003
5.70232	4288
5.70237	3752
5.70241	3216
5.72405	2827
5.72409	2461
5.73645	1876
5.7365	1608
5.75194	1876
5.75194	2029
5.75305	2170
5.7899	2302
5.79	2426
5.81126	2544
5.82712	2656
5.8278	2764
5.86104	2867
5.86113	2967
5.87758	3063
5.87768	3156
5.91468	2144
5.93555	1608
5.9356	1072
5.9518	1340
5.9728	1554
5.98942	1738
6.02637	1903
6.0429	2053
6.06146	2192
6.07986	2323
6.09858	2446
6.11099	2563
6.11513	2675
6.15207	2782
6.15217	2885
6.17427	2984
6.18929	3080
6.21139	3173
6.22633	3263
6.22785	3351
6.24287	3436
6.24297	3519
6.26583	3600
6.28	3679
6.30295	3757
6.30304	3833
6.31722	3907
6.34016	3980
6.35324	4052
6.36674	4122
6.36684	4191
6.38978	4259
6.40396	4326
6.42691	4392
6.427	4457
6.44118	4521
6.46412	4584
6.4772	4646
6.4907	4707
6.4908	4768
6.51374	4828
6.52792	4887
6.55086	4945
6.56504	5003
6.56513	5060
6.58808	5116
6.60116	5172
6.61475	4288
6.63765	3752
6.6377	3216
6.65183	2827
6.65188	2461
6.65192	1876
6.67482	1608
6.6879	1876
6.6879	2029
6.69137	2170
6.72831	2302
6.7284	2426
6.74494	2544
6.76569	2656
6.76579	2764
6.78232	2867
6.80299	2967
6.80309	3063
6.81954	3156
6.81963	3247
6.83988	3335
6.85667	3421
6.877	3504
6.8771	3585
6.89389	3665
6.91422	3743
6.93101	3819
6.94341	3894
6.94351	3967
6.96384	4039
6.98063	4110
7.00096	4179
7.00105	4247
7.01784	4314
7.03817	4380
7.05496	4445
7.06746	3752
7.08775	3216
7.08779	2680
7.10454	2252
7.10458	1608
7.12496	1786
7.14175	1946
7.16208	2093
7.17862	2230
7.19516	2358
7.19525	2479
7.21853	2594
7.23229	2704
7.23508	2810
7.27202	2912
7.27212	3010
7.29531	3105
7.30806	3197
7.32164	3286
7.34484	3373
7.34494	3458
7.35886	3541
7.38206	3622
7.39598	3701
7.41918	3778
7.41927	3854
7.43201	3928
7.43573	4001
7.45244	4072
7.45253	4142
7.47286	4211
7.48965	4279
7.50999	4346
7.52678	4412
7.52687	4477
7.5472	4541
7.55961	4604
7.59673	3752
7.59678	3216
7.59682	2680
7.61357	2252
7.61361	1608
7.63399	1786
7.65044	1946
7.67111	2093
7.68765	2230
7.70832	2358
7.72443	2479
7.72486	2594
7.76147	2704
7.76156	2810
7.7781	2912
7.80079	3010
7.80089	3105
7.81734	3197
7.81743	3286
7.83945	3373
7.85371	3458
7.87573	3541
7.87582	3622
7.88865	3701
7.90249	3778
7.92459	3854
7.93885	3928
7.93894	4001
7.96105	4072
7.97514	4142
7.99707	4211
7.99717	4279
8.00965	4346
8.02341	4412
8.04467	4477
8.05884	4541
8.05894	4604
8.08045	4666
8.09446	4727
8.11588	4787
8.12888	4847
8.12897	4906
8.14264	4964
8.1639	5021
8.17816	5078
8.17826	5134
8.1996	5189
8.2142	5244
8.23537	5298
8.24938	5352
8.24947	5405
8.26348	5458
8.28504	4824
8.29968	4288
8.29972	3752
8.32119	3395
8.32123	3038
8.32128	2144
8.35697	2278
8.37089	2404
8.37343	2523
8.38862	2636
8.40878	2744
8.42456	2848
8.42533	2948
8.44498	3045
8.44508	3139
8.46153	3230
8.46163	3318
8.4812	3404
8.4947	3488
8.51107	3570
8.51116	3650
8.53141	3728
8.54803	3805
8.56811	3880
8.58152	3954
8.58162	4026
8.59816	4097
8.61815	4167
8.63443	4235
8.63453	4302
8.65478	4368
8.6714	4433
8.69139	4497
8.70489	4560
8.70499	4623
8.72144	4685
8.74152	4746
8.77793	3752
8.77797	3216
8.79438	2680
8.79443	2252
8.79447	1608
8.82775	1786
8.83088	1946
8.86715	2093
8.88369	2230
8.90225	2358
8.92013	2479
8.93861	2594
8.95228	2704
8.95516	2810
8.99142	2912
8.99152	3010
9.01143	3105
9.02813	3197
9.04821	3286
9.06466	3373
9.06476	3458
9.07843	3541
9.09808	3622
9.11487	3701
9.13487	3778
9.13505	3854
9.1515	3928
9.17175	4001
9.18837	4072
9.18846	4142
9.20222	4211
9.22179	4279
9.23858	4346
9.25849	4412
9.25858	4477
9.27503	4541
9.29494	4604
9.31131	4666
9.31141	4727
9.34452	3752
9.34457	3216
9.34461	2680
9.36102	2252
9.36107	1608
9.38119	1786
9.39773	1946
9.41426	2093
9.43552	2230
9.45206	2358
9.45215	2479
9.4735	2594
9.48835	2704
9.49004	2810
9.52597	2912
9.52607	3010
9.54252	3105
9.54262	3197
9.56404	3286
9.57889	3373
9.60032	3458
9.60041	3541
9.61518	3622
9.63636	3701
9.65036	3778
9.66504	3854
9.66514	3928
9.68665	4001
9.7015	4072
9.72293	4142
9.72302	4211
9.73787	4279
9.75896	4346
9.77322	4412
9.78799	4477
9.78808	4541
9.8096	4604
9.82453	4666
9.84596	4727
9.86089	4787
9.86099	4847
9.88191	4906
9.89625	4964
9.91119	5021
9.91128	5078
9.93254	5134
9.94747	5189
9.96899	5244
9.98393	4288
10.0048	3752
10.0049	3216
10.0192	2827
10.0193	2461
10.0193	1876
10.034	1608
10.0556	1876
10.0556	2029
10.0557	2170
10.0722	2302
10.0931	2426
10.0932	2544
10.1097	2656
10.1304	2764
10.1305	2867
10.147	2967
10.1637	3063
10.1638	3156
10.1825	3247
10.1994	3335
10.2179	3421
10.2345	3504
10.2346	3585
10.2534	3665
10.267	3743
10.2839	3819
10.3024	3894
10.3025	3967
10.3195	4039
10.3376	4110
10.3512	4179
10.3513	4247
10.3683	4314
10.3863	4380
10.4031	4445
10.4214	4509
10.4215	4572
10.4385	4634
10.4564	4695
10.4701	3752
10.487	3216
10.487	2680
10.5051	2252
10.5052	1608
10.5221	1786
10.5405	1946
10.5574	2093
10.5758	2230
10.5924	2358
10.5925	2479
10.6105	2594
10.6279	2704
10.6459	2810
10.646	2912
10.6627	3010
10.6806	3105
10.6978	3197
10.7114	3286
10.7142	3373
10.7337	3458
10.7492	3541
10.7679	3622
10.7837	3701
10.8023	2680
10.8181	2144
10.8182	1608
10.8182	1072
10.832	1340
10.8507	1554
10.8673	1738
10.9017	1903
10.9184	2053
10.9349	2192
10.9514	2323
10.9515	2446
10.9713	2563
10.9865	2675
10.9878	2782
11.0235	2144
11.043	1608
11.0431	1072
11.0595	1340
11.076	1554
11.1112	1738
11.1279	1903
11.1444	2053
11.1633	2192
11.1798	2323
11.1799	2446
11.1965	2563
11.2163	2675
11.2164	2782
11.2329	2885
11.2527	2984
11.2528	3080
11.2692	3173
11.2693	3263
11.2858	3351
11.2859	3436
11.3047	3519
11.3203	3600
11.339	3679
11.3391	3757
11.3552	3833
11.3738	3907
11.389	3980
11.4049	4052
11.405	4122
11.4241	4191
11.44	4259
11.4589	4326
11.459	4392
11.4755	4457
11.4942	4521
11.5098	4584
11.526	4646
11.5261	4707
11.5457	4768
11.5618	4828
11.5809	4887
11.5977	4945
11.5978	5003
11.6165	5060
11.6322	5116
11.6486	4288
11.6683	3752
11.6684	3216
11.6843	2827
11.6844	2461
11.6844	1876
11.7036	1608
11.7202	1876
11.7202	2029
11.7203	2170
11.7392	2302
11.7547	2426
11.7914	1608
11.8079	1072
11.8269	536
11.8434	1072
11.8434	1340
11.8618	1554
11.8784	1738
11.914	1903
11.9305	2053
11.9491	2192
11.9662	2323
11.9848	2446
12.0004	2563
12.0014	2675
12.0368	2782
12.0369	2885
12.0542	2984
12.0728	3080
12.09	3173
12.1089	3263
12.109	3351
12.1255	3436
12.1256	3519
12.1431	3600
12.1615	3679
12.1792	3757
12.1792	3833
12.1976	3907
12.2129	3980
12.2308	4052
12.2659	3216
12.266	2680
12.2842	2144
12.2842	1668
12.2843	1340
12.3018	1072
12.3018	1340
12.3018	1554
12.3183	1738
12.335	1903
12.3523	2053
12.3689	2192
12.3854	2323
12.3855	2446
12.4045	2563
12.4213	2675
12.44	2782
12.4401	2885
12.4566	2984
12.4734	3080
12.4735	3173
12.4925	3263
12.509	3351
12.5277	3436
12.5447	3519
12.5448	3600
12.5629	3679
12.5784	3757
12.5953	3833
12.6138	3907
12.6139	3980
12.6303	4052
12.649	4122
12.6659	4191
12.666	4259
12.6841	4326
12.6998	4392
12.7165	4457
12.7353	4521
12.7354	4584
12.752	4646
12.7705	4707
12.7875	4768
12.7876	4828
12.8057	4887
12.8217	4288
12.8381	3752
12.8382	3216
12.8565	2827
12.8566	2461
12.8566	1876
12.8727	1608
12.8909	1876
12.8909	2029
12.891	2170
12.9077	2302
12.9254	2426
12.9413	2544
12.942	2656
12.9768	2764
12.9769	2867
12.9937	2967
13.0115	3063
13.0279	3156
13.0453	3247
13.0454	3335
13.0619	3421
13.062	3504
13.0784	3585
13.0963	3665
13.113	3743
13.1131	3819
13.1307	3894
13.1459	3967
13.1631	4039
13.1806	4110
13.1807	4179
13.1977	4247
13.2155	4314
13.2327	4380
13.2328	4445
13.2504	4509
13.2664	3752
13.2836	3216
13.2836	2680
13.3016	2252
13.3017	1608
13.3188	1786
13.337	1946
13.3544	2093
13.3724	2230
13.3889	2358
13.389	2479
13.4063	2594
13.4245	2704
13.4414	2810
13.4415	2912
13.4599	3010
13.4772	3105
13.4948	3197
13.5105	3286
13.5113	3373
13.5292	3458
13.5467	3541
13.564	3622
13.582	3701
13.5821	3778
13.6	3854
13.618	3928
13.6336	4001
13.6518	4072
13.6519	4142
13.6693	4211
13.6874	4279
13.7053	4346
13.7054	4412
13.7232	4477
13.7411	4541
13.7751	3752
13.7751	3216
13.7752	2680
13.7923	2252
13.7924	1608
13.8105	1786
13.828	1946
13.846	2093
13.8637	2230
13.8803	2358
13.8804	2479
13.8984	2594
13.9153	2704
13.9337	2810
13.9338	2912
13.9511	3010
13.9674	3105
13.9855	3197
14.0022	3286
14.0023	3373
14.0202	3458
14.037	3541
14.0548	3622
14.0549	3701
14.0722	3778
14.0884	3854
14.1062	3928
14.1232	4001
14.1233	4072
14.1413	4142
14.1578	4211
14.176	4279
14.1931	4346
14.1932	4412
14.2098	3752
14.2276	3216
14.245	2680
14.2451	2252
14.2451	1608
14.2799	1786
14.2799	1946
14.298	2093
14.3152	2230
14.3317	2358
14.3318	2479
14.3496	2594
14.3672	2704
14.3849	2810
14.385	2912
14.4025	3010
14.4207	3105
14.4382	3197
14.4547	3286
14.4548	3373
14.4732	3458
14.4906	3541
14.5086	3622
14.5087	3701
14.5261	3778
14.5446	3854
14.5622	3928
14.5785	4001
14.5786	4072
14.5969	4142
14.6141	4211
14.6324	4279
14.6497	4346
14.6498	4412
14.6857	3752
14.6858	3216
14.7022	2680
14.7022	2252
14.7023	1608
14.7376	1786
14.7377	1946
14.7559	2093
14.7733	2230
14.7914	2358
14.8091	2479
14.8091	2594
14.8257	2704
14.8439	2810
14.8612	2912
14.8613	3010
14.8795	3105
14.8969	3197
14.9138	3286
14.9319	3373
14.9494	2680
14.9674	2144
14.9674	1608
14.9675	1072
14.9847	1340
15.0028	1554
15.0195	1738
15.0538	1903
15.0703	2053
15.0873	2192
15.1053	2323
15.1227	2446
15.1405	2563
15.1406	2675
15.1576	2782
15.1742	2885
15.1925	2984
15.209	3080
15.209	3173
15.2268	3263
15.2441	3351
15.2611	3436
15.2612	3519
15.2777	3600
15.2942	3679
15.3122	3757
15.3284	3833
15.3285	3907
15.3457	3980
15.3627	4052
15.3793	4122
15.3954	4191
15.3955	4259
15.412	4326
15.4294	4392
15.446	4457
15.4461	4521
15.4638	4584
15.481	4646
15.4981	4707
15.5138	3752
15.5301	3216
15.5301	2680
15.5475	2252
15.5476	1608
16.2748	1072
16.2914	1608
16.4981	536
16.7315	1072
16.7482	1340
16.7822	1554
16.7989	1738
16.8333	1903
16.8499	2053
16.8671	2192
16.8847	2323
16.9014	2446
16.9199	2563
16.92	2675
16.9371	2782
16.9544	2885
16.9722	2984
16.9894	3080
16.9895	3173
17.0073	3263
17.024	3351
17.0427	3436
17.0428	3519
17.0597	3600
17.0773	3679
17.0955	3757
17.1126	3833
17.1127	3907
17.1309	3980
17.1475	4052
17.1832	3216
17.1832	2680
17.1833	2144
17.2006	1668
17.2007	1340
17.2007	1072
17.219	1340
17.219	1554
17.2361	1738
17.2527	1903
17.2696	2053
17.2861	2192
17.3027	2323
17.3205	2446
17.3384	2563
17.3558	2675
17.3559	2782
17.3738	2885
17.3906	2984
17.4091	3080
17.4262	3173
17.4263	3263
17.4439	3351
17.462	3436
17.4794	3519
17.4795	3600
17.4973	3679
17.5143	3757
17.5328	3833
17.5499	3907
17.5854	3216
17.5854	2680
17.5855	2144
17.6029	1668
17.6029	1340
17.6374	536
17.6557	1340
17.6557	1554
17.6723	1738
17.7069	1903
17.7234	2053
17.7415	2192
17.7583	2323
17.7759	2446
17.7935	2563
17.7935	2675
17.8108	2782
17.8279	2885
17.845	2984
17.8626	3080
17.8627	3173
17.8792	3263
17.8962	3351
17.9134	3436
17.9135	3519
17.9308	3600
17.9476	3679
17.9649	3757
17.9824	3833
17.9825	3907
17.9991	3980
18.0164	4052
18.0511	3216
18.0511	2680
18.0512	2144
18.0681	1668
18.0681	1340
18.0682	1072
18.0852	1340
18.0852	1554
18.1026	1738
18.1193	1903
18.1358	2053
18.1523	2192
18.1698	2323
18.1868	2446
18.2038	2563
18.2214	2675
18.2215	2782
18.2381	2885
18.2548	2984
18.2549	3080
18.2721	3173
18.2897	3263
18.3069	3351
18.3238	3436
18.3239	3519
18.3418	3600
18.3585	3679
18.3753	3757
18.3922	3833
18.3923	3907
18.4097	3980
18.4263	4052
18.4435	3216
18.461	2680
18.4611	2144
18.4778	1668
18.4779	1340
18.4779	1072
18.4953	1340
18.4953	1554
18.5121	1738
18.5287	1903
18.5459	2053
18.5624	2192
18.5794	2323
18.5966	2446
18.6141	2563
18.6313	2675
18.6314	2782
18.649	2885
18.6661	2984
18.6841	3080
18.7014	3173
18.7015	3263
18.7187	3351
18.7365	3436
18.7537	3519
18.7538	3600
18.7715	3679
18.7885	3757
18.8064	3833
18.8236	3907
18.8237	3980
18.8408	4052
18.8588	4122
18.8933	3216
18.8934	2680
18.8934	2144
18.9105	1668
18.9106	1340
18.9106	1072
18.9286	1340
18.9286	1554
18.9461	1738
18.9627	1903
18.9811	2053
18.9976	2192
19.0153	2323
19.0326	2446
19.0501	2563
19.0677	2675
19.0678	2782
19.0845	2885
19.1031	2984
19.12	3080
19.1373	3173
19.1374	3263
19.1546	3351
19.1718	3436
19.1894	3519
19.1895	3600
19.2061	3679
19.2247	3757
19.2416	3833
19.259	3907
19.2591	3980
19.2764	4052
19.2936	4122
19.3281	3216
19.3281	2680
19.3282	2144
19.3469	1668
19.347	1340
19.347	1072
19.3637	1340
19.3637	1554
19.3815	1738
19.3981	1903
19.4153	2053
19.4319	2192
19.4484	2323
19.4664	2446
19.4831	2563
19.5015	2675
19.5016	2782
19.5184	2885
19.5356	2984
19.5531	3080
19.5701	3173
19.5702	3263
19.5882	3351
19.6045	3436
19.6229	3519
19.623	3600
19.6399	3679
19.6749	2680
19.6921	2144
19.6921	1608
19.6922	1072
19.7102	1340
19.7268	1554
19.762	1738
19.7786	1903
19.7964	2053
19.8129	2192
19.8306	2323
19.8475	2446
19.8656	2563
19.8833	2675
19.8834	2782
19.9002	2885
19.9185	2984
19.9355	3080
19.9532	3173
19.9533	3263
19.9704	3351
19.9882	3436
20.0059	3519
20.006	3600
20.023	3679
20.0416	3757
20.0587	3833
20.0763	3907
20.0764	3980
20.0935	4052
20.1107	4122
20.1449	3216
20.145	2680
20.145	2144
20.1634	1668
20.1635	1340
20.1635	1072
20.1803	1340
20.1803	1554
20.1978	1738
20.2145	1903
20.2312	2053
20.2478	2192
20.2643	2323
20.2644	2446
20.2824	2563
20.2988	2675
20.2989	2782
20.3333	2885
20.3334	2984
20.3502	3080
20.3674	3173
20.3844	3263
20.4019	3351
20.402	3436
20.4189	3519
20.436	3600
20.4525	3679
20.4687	3757
20.4688	3833
20.4853	3907
20.5023	3980
20.5192	4052
20.5193	4122
20.5361	4191
20.5537	4259
20.5712	4326
20.5881	4392
20.5882	4457
20.6229	3752
20.623	3216
20.623	2680
20.6405	2252
20.6405	1608
20.6576	1786
20.6748	1946
20.6926	2093
20.7093	2230
20.7258	2358
20.7259	2479
20.7429	2594
20.7605	2704
20.777	2810
20.7771	2912
20.7944	3010
20.8116	3105
20.8283	3197
20.8455	3286
20.8456	3373
20.8627	3458
20.8799	3541
20.8967	3622
20.8968	3701
20.9142	3778
20.9319	3854
20.9488	3928
20.9662	4001
20.9663	4072
20.9835	4142
21.0011	4211
21.0352	3216
21.0352	2680
21.0353	2144
21.0531	1668
21.0531	1340
21.0532	1072
21.0698	1340
21.0698	1554
21.0876	1738
21.1042	1903
21.1221	2053
21.1386	2192
21.1564	2323
21.1743	2446
21.1914	2563
21.2093	2675
21.2094	2782
21.2442	2144
21.2609	1608
21.2609	1072
21.2786	1340
21.2952	1554
21.3292	1738
21.3459	1903
21.3634	2053
21.3799	2192
21.397	2323
21.4149	2446
21.4321	2563
21.4495	2675
21.4496	2782
21.4672	2885
21.5028	2144
21.5028	1608
21.5199	1072
21.52	1340
21.5377	1554
21.5549	1738
21.5716	1903
21.5887	2053
21.6052	2192
21.6233	2323
21.6406	2446
21.658	2563
21.6753	2675
21.6754	2782
21.6929	2885
21.7105	2984
21.7279	3080
21.7462	3173
21.7463	3263
21.7639	3351
21.7812	3436
21.7989	3519
21.799	3600
21.8161	3679
21.8337	3757
21.8506	3833
21.8689	3907
21.869	3980
21.8863	4052
21.9031	4122
21.9375	3216
21.9376	2680
21.9376	2144
21.9553	1668
21.9553	1340
21.9554	1072
21.972	1340
21.972	1554
21.99	1738
22.0066	1903
22.0238	2053
22.0403	2192
22.0574	2323
22.0748	2446
22.092	2563
22.1097	2675
22.1098	2782
22.1272	2885
22.1445	2984
22.162	3080
22.1793	3173
22.1794	3263
22.1968	3351
22.2144	3436
22.2322	3519
22.2323	3600
22.25	3679
22.2672	3757
22.2848	3833
22.3024	3907
22.3025	3980
22.32	4052
22.3376	4122
22.3728	3216
22.3729	2680
22.3729	2144
22.3903	1668
22.3904	1340
22.3904	1072
22.4078	1340
22.4078	1554
22.4254	1738
22.442	1903
22.4599	2053
22.4764	2192
22.4941	2323
22.5112	2446
22.5284	2563
22.5461	2675
22.5462	2782
22.5638	2885
22.5817	2984
22.599	3080
22.6167	3173
22.6168	3263
22.6338	3351
22.6509	3436
22.6683	3519
22.6684	3600
22.6859	3679
22.7037	3757
22.721	3833
22.7384	3907
22.7384	3980
22.7557	4052
22.7731	4122
22.8076	3216
22.8077	2680
22.8077	2144
22.8247	1668
22.8248	1340
22.8248	1072
22.8419	1340
22.8419	1554
22.8594	1738
22.876	1903
22.8934	2053
22.9099	2192
22.9274	2323
22.9446	2446
22.9611	2563
22.9787	2675
22.9788	2782
22.9955	2885
23.0129	2984
23.0302	3080
23.047	3173
23.0471	3263
23.0646	3351
23.0808	3436
23.0982	3519
23.0983	3600
23.115	3679
23.132	3757
23.149	3833
23.1656	3907
23.1657	3980
23.1834	4052
23.1995	4122
23.2167	4191
23.2332	4259
23.2333	4326
23.2505	4392
23.2677	4457
23.2841	4521
23.2842	4584
23.3022	4646
23.3186	3752
23.3358	3216
23.3358	2680
23.3525	2252
23.3525	1608
23.3699	1786
23.3878	1946
23.4044	2093
23.4225	2230
23.4391	2358
23.4565	2479
23.4741	2594
23.4742	2704
23.4913	2810
23.5095	2912
23.5263	3010
23.5438	3105
23.5439	3197
23.5608	3286
23.5785	3373
23.5957	3458
23.5958	3541
23.6131	3622
23.6314	3701
23.6478	3778
23.6657	3854
23.6658	3928
23.6824	4001
23.7003	4072
23.7174	4142
23.7528	3216
23.7529	2680
23.7529	2144
23.7699	1668
23.77	1340
23.8046	536
23.8227	1340
23.8227	1554
23.8393	1738
23.8743	1903
23.8908	2053
23.909	2192
23.9261	2323
23.9439	2446
23.9616	2563
23.9617	2675
23.9789	2782
23.9969	2885
24.0138	2984
24.0319	3080
24.032	3173
24.0491	3263
24.0669	3351
24.0845	3436
24.0846	3519
24.1018	3600
24.1204	3679
24.1373	3757
24.1556	3833
24.1557	3907
24.1725	3980
24.1901	4052
24.2248	3216
24.2248	2680
24.2249	2144
24.2432	1668
24.2432	1340
24.2433	1072
24.2599	1340
24.2599	1554
24.2775	1738
24.2941	1903
24.3112	2053
24.3278	2192
24.3443	2323
24.3444	2446
24.3625	2563
24.3795	2675
24.3971	2782
24.3972	2885
24.4146	2984
24.4314	3080
24.4501	3173
24.4665	3263
24.4666	3351
24.4847	3436
24.5017	3519
24.5193	3600
24.5194	3679
24.5373	3757
24.5541	3833
24.5732	3907
24.5899	3980
24.59	4052
24.6081	4122
24.6252	4191
24.6608	3216
24.6608	2680
24.6608	2144
24.6773	1668
24.6773	1340
24.6773	1072
24.6961	1340
24.6961	1554
24.7127	1738
24.7308	1903
24.7475	2053
24.7651	2192
24.7834	2323
24.7835	2446
24.8001	2563
24.8188	2675
24.8189	2782
24.8358	2885
24.854	2984
24.8714	3080
24.8887	3173
24.8888	3263
24.9071	3351
24.9234	3436
24.942	3519
24.959	3600
24.9591	3679
24.9771	3757
24.9946	3833
25.0113	3907
25.0114	3980
25.0298	4052
25.0459	4122
25.064	4191
25.0805	4259
25.0806	4326
25.0979	4392
25.1152	4457
25.1317	4521
25.1318	4584
25.1503	4646
25.1663	3752
25.1842	3216
25.1842	2680
25.2006	2252
25.2007	1608
25.2352	1072
25.2517	1608
25.2517	1786
25.2703	1946
25.2868	2093
25.3051	2230
25.3218	2358
25.3391	2479
25.3568	2594
25.3569	2704
25.3735	2810
25.3922	2912
25.3923	3010
25.4087	3105
25.4088	3197
25.4263	3286
25.4432	3373
25.4601	3458
25.4601	3541
25.4774	3622
25.4937	3701
25.512	3778
25.5278	3854
25.5279	3928
25.5457	4001
25.5626	4072
25.5799	4142
25.58	4211
25.5979	4279
25.614	4346
25.6321	4412
25.6481	4477
25.6482	4541
25.6659	4604
25.6825	4666
25.6998	4727
25.7175	4787
25.7176	4847
25.7337	4906
25.7518	4964
25.7678	5021
25.7679	5078
25.7854	5134
25.802	5189
25.8185	5244
25.8362	5298
25.8362	5352
25.8704	4288
25.8704	3752
25.8705	3216
25.8872	2827
25.8873	2461
25.9043	1876
25.9044	1608
25.9218	1876
25.9218	2029
25.9219	2170
25.9386	2302
25.9571	2426
25.9736	2544
25.9917	2656
25.9918	2764
26.0089	2867
26.0261	2967
26.0439	3063
26.061	3156
26.0611	3247
26.08	3335
26.0968	3421
26.115	3504
26.1151	3585
26.1323	3665
26.1494	3743
26.1671	3819
26.1839	3894
26.184	3967
26.2028	4039
26.2197	4110
26.2549	3216
26.2549	2680
26.255	2144
26.2721	1668
26.2721	1340
26.2722	1072
26.29	1340
26.29	1554
26.3068	1738
26.3234	1903
26.34	2053
26.3565	2192
26.3735	2323
26.3907	2446
26.4084	2563
26.4247	2675
26.4249	2782
26.46	2885
26.4601	2984
26.4779	3080
26.4955	3173
26.5129	3263
26.5307	3351
26.5308	3436
26.5475	3519
26.5662	3600
26.5828	3679
26.6006	3757
26.6007	3833
26.6181	3907
26.6358	3980
26.6537	4052
26.6538	4122
26.6702	4191
26.689	4259
26.7062	4326
26.7238	4392
26.7239	4457
26.7416	4521
26.7587	4584
26.7772	4646
26.7773	4707
26.8121	3752
26.8121	3216
26.8122	2680
26.8294	2252
26.8295	1608
26.8467	1786
26.8644	1946
26.8813	2093
26.8996	2230
26.9163	2358
26.9164	2479
26.9347	2594
26.9521	2704
26.9693	2810
26.9693	2912
26.987	3010
27.0038	3105
27.0224	3197
27.039	3286
27.0391	3373
27.0574	3458
27.0745	3541
27.0914	3622
27.1089	3701
27.109	3778
27.1255	3854
27.1436	3928
27.1603	4001
27.1604	4072
27.1782	4142
27.1954	4211
27.2125	4279
27.2302	4346
27.2303	4412
27.2653	3752
27.2654	3216
27.2654	2680
27.2821	2252
27.2821	1608
27.3	1786
27.3172	1946
27.3342	2093
27.3522	2230
27.3687	2358
27.3688	2479
27.3872	2594
27.4039	2704
27.4219	2810
27.422	2912
27.4394	3010
27.457	3105
27.475	3197
27.4917	3286
27.4918	3373
27.5104	3458
27.5272	3541
27.5449	3622
27.545	3701
27.5623	3778
27.5796	3854
27.5979	3928
27.6142	4001
27.6143	4072
27.6328	4142
27.6496	4211
27.6667	4279
27.6841	4346
27.6841	4412
27.701	4477
27.7194	4541
27.7358	3752
27.7541	3216
27.7541	2680
27.7711	2252
27.7711	1608
27.7887	1786
27.8062	1946
27.8233	2093
27.8415	2230
27.858	2358
27.8581	2479
27.8761	2594
27.8929	2704
27.9102	2810
27.9103	2912
27.9273	3010
27.9444	3105
27.9624	3197
27.9791	3286
27.9792	3373
27.9967	3458
28.0134	3541
28.0306	3622
28.0307	3701
28.0469	3778
28.0641	3854
28.0814	3928
28.0977	4001
28.0977	4072
28.1151	4142
28.1316	4211
28.1491	4279
28.1658	4346
28.1659	4412
28.1828	4477
28.2004	4541
28.2166	3752
28.2337	3216
28.2497	2680
28.2497	1608
28.284	1786
28.2842	1946
28.3187	2093
28.3353	2230
28.3531	2358
28.3691	2479
28.3696	2594
28.4041	2704
28.4042	2810
28.4218	2912
28.4396	3010
28.4561	3105
28.4742	3197
28.4742	3286
28.4907	3373
28.4908	3458
28.5092	3541
28.5262	3622
28.5436	3701
28.5437	3778
28.5618	3854
28.578	3928
28.5957	4001
28.6121	4072
28.6122	4142
28.63	4211
28.6473	4279
28.6643	4346
28.6644	4412
28.6825	4477
28.6988	3752
28.7166	3216
28.7166	2680
28.733	2252
28.733	1608
28.7507	1786
28.7683	1946
28.7854	2093
28.8036	2230
28.8201	2358
28.8202	2479
28.8385	2594
28.855	2704
28.8728	2810
28.8729	2912
28.8903	3010
28.9072	3105
28.9254	3197
28.9416	3286
28.9418	3373
28.9603	3458
28.9767	3541
28.9949	3622
29.0127	3701
29.0128	3778
29.0297	3854
29.048	3928
29.0646	4001
29.0831	4072
29.0832	4142
29.0999	4211
29.1177	4279
29.1358	3216
29.1526	2680
29.1527	2144
29.1706	1668
29.1707	1340
29.1707	1072
29.1869	1340
29.1869	1554
29.2392	536
29.2557	1072
29.2557	1340
29.2723	1554
29.3066	1738
29.3232	1903
29.3403	2053
29.3569	2192
29.3752	2323
29.392	2446
29.4096	2563
29.427	2675
29.4271	2782
29.4445	2885
29.4626	2984
29.4797	3080
29.4984	3173
29.4985	3263
29.5155	3351
29.5327	3436
29.5503	3519
29.5504	3600
29.5677	3679
29.5859	3757
29.6028	3833
29.6213	3907
29.6214	3980
29.6385	4052
29.6559	4122
29.6911	3216
29.6911	2680
29.6912	2144
29.7095	1668
29.7095	1340
29.7095	1072
29.7263	1340
29.7263	1554
29.7449	1738
29.7616	1903
29.7786	2053
29.7951	2192
29.812	2323
29.8305	2446
29.847	2563
29.8655	2675
29.8656	2782
29.8826	2885
29.8996	2984
29.9177	3080
29.9346	3173
29.9347	3263
29.953	3351
29.9696	3436
29.9874	3519
29.9875	3600
30.0048	3679
30.0215	3757
30.0395	3833
30.0561	3907
30.0562	3980
30.0746	4052
30.0911	4122
30.1262	3216
30.1263	2680
30.1263	2144
30.1427	1668
30.1427	1340
30.1428	1072
30.1607	1340
30.1607	1554
30.1772	1738
30.1953	1903
30.2122	2053
30.2293	2192
30.2475	2323
30.2476	2446
30.2642	2563
30.2818	2675
30.2981	2782
30.2984	2885
30.3323	2984
30.3324	3080
30.3488	3173
30.3489	3263
30.3661	3351
30.382	3436
30.3996	3519
30.3996	3600
30.416	3679
30.4333	3757
30.4499	3833
30.4655	3907
30.4656	3980
30.4834	4052
30.4993	4122
30.5168	4191
30.5169	4259
30.5331	4326
30.551	4392
30.5677	4457
30.584	4521
30.5841	4584
30.6015	4646
30.6176	4707
30.6358	4768
30.6523	4828
30.6524	4887
30.6701	4945
30.6868	5003
30.7033	4288
30.7212	3752
30.7212	3216
30.7371	2827
30.7372	2461
30.7372	1876
30.7555	1608
30.7722	1876
30.7722	2029
30.7723	2170
30.7903	2302
30.8077	2426
30.8242	2544
30.8422	2656
30.8423	2764
30.8589	2867
30.877	2967
30.8771	3063
30.8937	3156
30.9113	3247
30.9291	3335
30.9453	3421
30.9454	3504
30.9633	3585
30.9794	3665
30.9978	3743
31.0146	3819
31.0147	3894
31.0324	3967
31.0504	4039
31.0671	3216
31.0853	2680
31.0853	2144
31.1019	1668
31.102	1340
31.102	1072
31.1204	1340
31.1204	1554
31.1373	1738
31.1539	1903
31.1717	2053
31.1882	2192
31.2061	2323
31.2226	2446
31.2406	2563
31.2572	2675
31.2573	2782
31.2747	2885
31.2924	2984
31.3089	3080
31.3271	3173
31.3272	3263
31.344	3351
31.3624	3436
31.3794	3519
31.3795	3600
31.3968	3679
31.4148	3757
31.4315	3833
31.4499	3907
31.45	3980
31.4672	4052
31.4855	4122
31.5201	3216
31.5201	2680
31.5202	2144
31.5381	1668
31.5381	1340
31.5382	1072
31.5549	1340
31.5549	1554
31.5736	1738
31.5902	1903
31.6085	2053
31.625	2192
31.6425	2323
31.6604	2446
31.6772	2563
31.6956	2675
31.6956	2782
31.7124	2885
31.7307	2984
31.748	3080
31.7653	3173
31.7653	3263
31.7832	3351
31.8002	3436
31.8189	3519
31.819	3600
31.8356	3679
31.8538	3757
31.8714	3833
31.8887	3907
31.8888	3980
31.9069	4052
31.924	4122
31.9592	3216
31.9592	2680
31.9593	2144
31.9773	1668
31.9773	1340
31.9774	1072
31.9953	1340
31.9953	1554
32.0125	1738
32.0291	1903
32.046	2053
32.0625	2192
32.0794	2323
32.0973	2446
32.1323	1608
32.1323	1072
32.15	1340
32.1674	1554
32.184	1738
32.2186	1903
32.2351	2053
32.2523	2192
32.2699	2323
32.288	2446
32.3055	2563
32.3056	2675
32.3235	2782
32.3406	2885
32.3582	2984
32.3756	3080
32.3757	3173
32.3933	3263
32.4115	3351
32.4288	3436
32.4289	3519
32.4466	3600
32.4638	3679
32.4811	3757
32.4985	3833
32.4986	3907
32.5162	3980
32.5345	4052
32.5694	3216
32.5695	2680
32.5695	2144
32.5869	1668
32.587	1340
32.587	1072
32.6044	1340
32.6044	1554
32.6215	1738
32.6381	1903
32.6562	2053
32.6728	2192
32.7247	1608
32.7247	1072
32.7421	1340
32.7587	1554
32.777	1738
32.7936	1903
32.8119	2053
32.829	2192
32.8456	2323
32.8456	2446
32.863	2563
32.8796	2675
32.8975	2782
32.8976	2885
32.9143	2984
32.9325	3080
32.949	3173
32.9658	3263
32.9659	3351
32.9829	3436
32.9994	3519
33.017	3600
33.0171	3679
33.0331	3757
33.0504	3833
33.0663	3907
33.0823	3980
33.0823	4052
33.0985	4122
33.1142	4191
33.1309	4259
33.1462	4326
33.1463	4392
33.1637	4457
33.1796	4521
33.1963	4584
33.1964	4646
33.2135	4707
33.2297	4768
33.2471	4828
33.2631	4887
33.2632	4945
33.2806	5003
33.2974	5060
33.314	5116
33.3315	5172
33.3316	5227
33.3481	5281
33.3656	5335
33.3817	4288
33.3993	3752
33.3994	3216
33.4161	2827
33.4162	2461
33.4162	1876
33.4328	1608
33.4507	1876
33.4507	2029
33.4508	2170
33.4675	2302
33.4855	2426
33.5023	2544
33.5024	2656
33.5203	2764
33.5378	2867
33.5546	2967
33.5726	3063
33.5727	3156
33.5897	3247
33.6078	3335
33.6248	3421
33.6423	3504
33.6424	3585
33.6602	3665
33.6771	3743
33.695	3819
33.6951	3894
33.7124	3967
33.7304	4039
33.7477	4110
33.7651	4179
33.7652	4247
33.783	4314
33.8001	4380
33.8356	3752
33.8357	3216
33.8357	2680
33.8539	2252
33.8539	1608
33.8709	1786
33.8886	1946
33.906	2093
33.9233	2230
33.9398	2358
33.9399	2479
33.9565	2594
33.9753	2704
33.9917	2810
33.9919	2912
34.0095	3010
34.0096	3105
34.0273	3197
34.0439	3286
34.0628	3373
34.0795	3458
34.0795	3541
34.0981	3622
34.115	3701
34.1326	3778
34.1504	3854
34.1505	3928
34.1671	4001
34.1859	4072
34.2025	3216
34.2205	2680
34.2205	2144
34.2377	1668
34.2378	1340
34.2378	1072
34.2553	1340
34.2553	1554
34.2731	1738
34.2897	1903
34.308	2053
34.3246	2192
34.343	2323
34.3601	2446
34.3774	2563
34.3956	2675
34.3957	2782
34.4128	2885
34.4312	2984
34.4478	3080
34.4663	3173
34.4664	3263
34.4837	3351
34.5008	3436
34.519	3519
34.5191	3600
34.536	3679
34.5544	3757
34.5894	3216
34.5894	2680
34.5894	2144
34.607	1668
34.6071	1340
34.6237	1072
34.6237	1340
34.6237	1554
34.6402	1738
34.6918	1072
34.7087	1340
34.727	1554
34.7436	1738
34.7791	1903
34.7956	2053
34.813	2192
34.83	2323
34.848	2446
34.8646	2563
34.8647	2675
34.8831	2782
34.9003	2885
34.9184	2984
34.9359	3080
34.936	3173
34.9712	2144
34.9879	1608
34.988	1072
35.0065	1340
35.0236	1554
35.0402	1738
35.075	1903
35.0916	2053
35.1081	2192
35.1261	2323
35.1424	2446
35.1426	2563
35.176	2675
35.1761	2782
35.1929	2885
35.2103	2984
35.2267	3080
35.2447	3173
35.2448	3263
35.2613	3351
35.2785	3436
35.3121	2680
35.3121	2144
35.3298	1608
35.3299	1072
35.3466	1340
35.3644	1554
35.3811	1738
35.4154	1903
35.4319	2053
35.4492	2192
35.4661	2323
35.4832	2446
35.5002	2563
35.5003	2675
35.5168	2782
35.5339	2885
35.534	2984
35.5505	3080
35.5675	3173
35.5842	3263
35.6011	3351
35.6012	3436
35.6183	3519
35.6343	3600
35.6506	3679
35.6673	3757
35.6674	3833
35.6837	3907
35.6838	3980
35.7003	4052
35.7004	4122
35.7173	4191
35.7345	4259
35.7511	4326
35.7677	4392
35.7678	4457
35.7844	4521
35.8013	4584
35.8352	3752
35.8353	3216
35.8353	2680
35.8523	2252
35.8523	1608
35.8694	1786
35.8865	1946
35.9039	2093
35.9211	2230
35.9376	2358
35.9377	2479
35.9546	2594
35.9715	2704
35.9889	2810
35.989	2912
36.0061	3010
36.0232	3105
36.0402	3197
36.0577	3286
36.0578	3373
36.0748	3458
36.0913	3541
36.1087	3622
36.1088	3701
36.1257	3778
36.143	3854
36.1599	3928
36.1773	4001
36.1774	4072
36.1944	4142
36.2113	4211
36.2457	3216
36.2457	2680
36.2458	2144
36.2634	1668
36.2634	1340
36.2635	1072
36.281	1340
36.281	1554
36.2983	1738
36.315	1903
36.3318	2053
36.3483	2192
36.3648	2323
36.3649	2446
36.383	2563
36.4005	2675
36.4177	2782
36.4178	2885
36.4361	2984
36.4522	3080
36.4717	3173
36.488	3263
36.4882	3351
36.5063	3436
36.5238	3519
36.5409	3600
36.5593	3679
36.5594	3757
36.5753	3833
36.5944	3907
36.6112	3980
36.6289	4052
36.629	4122
36.6469	4191
36.664	4259
36.6821	4326
36.6822	4392
36.6984	4457
36.7171	4521
36.7343	4584
36.752	4646
36.7521	4707
36.77	4768
36.7868	4828
36.8052	4887
36.8219	4288
36.8405	3752
36.8406	3216
36.8406	2827
36.8575	2461
36.8576	1876
36.8751	1608
36.8752	1876
36.8752	2029
36.8926	2170
36.9095	2302
36.9447	1608
36.9447	1072
36.963	1340
36.9801	1554
36.9968	1738
37.0307	1903
37.0472	2053
37.0638	2192
37.0823	2323
37.0997	2446
37.1172	2563
37.1345	2675
37.1346	2782
37.1513	2885
37.1699	2984
37.1866	3080
37.2047	3173
37.2048	3263
37.2223	3351
37.2398	3436
37.2576	3519
37.2577	3600
37.2743	3679
37.2933	3757
37.3099	3833
37.3282	3907
37.3283	3980
37.3456	4052
37.363	4122
37.3972	3216
37.3973	2680
37.3973	2144
37.4161	1668
37.4161	1340
37.4162	1072
37.4328	1340
37.4328	1554
37.4511	1738
37.4677	1903
37.485	2053
37.5015	2192
37.518	2323
37.5181	2446
37.5364	2563
37.5532	2675
37.5713	2782
37.5714	2885
37.5883	2984
37.6061	3080
37.6237	3173
37.6403	3263
37.6404	3351
37.6583	3436
37.6753	3519
37.6931	3600
37.6932	3679
37.7099	3757
37.7266	3833
37.7442	3907
37.7607	3980
37.7608	4052
37.7785	4122
37.7957	4191
37.8303	3216
37.8304	2680
37.8304	2144
37.847	1668
37.8471	1340
37.8472	1072
37.8651	1340
37.8651	1554
37.8816	1738
37.8983	1903
37.9152	2053
37.9318	2192
37.9486	2323
37.9649	2446
37.9652	2563
37.9992	2675
37.9993	2782
38.0166	2885
38.0339	2984
38.0507	3080
38.0676	3173
38.0677	3263
38.0842	3351
38.1021	3436
38.119	3519
38.136	3600
38.1361	3679
38.1534	3757
38.1702	3833
38.187	3907
38.1871	3980
38.2035	4052
38.2205	4122
38.2375	4191
38.2547	4259
38.2548	4326
38.272	4392
38.2895	4457
38.3065	4521
38.3066	4584
38.3402	3752
38.3403	3216
38.3403	2680
38.357	2252
38.357	1608
38.3744	1786
38.3917	1946
38.409	2093
38.4265	2230
38.4433	2358
38.4434	2479
38.4614	2594
38.4789	2704
38.4961	2810
38.4962	2912
38.5138	3010
38.5314	3105
38.5489	3197
38.5658	3286
38.5659	3373
38.5835	3458
38.6013	3541
38.6185	3622
38.6362	3701
38.6363	3778
38.6711	3216
38.6712	2680
38.6882	2144
38.6882	1668
38.6883	1340
38.7058	1072
38.7059	1340
38.7059	1554
38.7233	1738
38.7399	1903
38.757	2053
38.7736	2192
38.7906	2323
38.8079	2446
38.8252	2563
38.8428	2675
38.8429	2782
38.8598	2885
38.8773	2984
38.8941	3080
38.912	3173
38.9121	3263
38.9297	3351
38.9476	3436
38.9656	3519
38.9657	3600
38.9828	3679
39.0006	3757
39.0177	3833
39.0357	3907
39.0358	3980
39.0534	4052
39.0712	4122
39.1056	3216
39.1056	2680
39.1057	2144
39.1234	1668
39.1235	1340
39.1235	1072
39.1402	1340
39.1402	1554
39.1581	1738
39.1747	1903
39.1919	2053
39.2084	2192
39.225	2323
39.2427	2446
39.2595	2563
39.277	2675
39.277	2782
39.2947	2885
39.312	2984
39.3298	3080
39.347	3173
39.3471	3263
39.3651	3351
39.3818	3436
39.3997	3519
39.3998	3600
39.4179	3679
39.4352	3757
39.4532	3833
39.4706	3907
39.4707	3980
39.4887	4052
39.5055	4122
39.5412	3216
39.5412	2680
39.5412	2144
39.5581	1668
39.5581	1340
39.5582	1072
39.576	1340
39.576	1554
39.5927	1738
39.6093	1903
39.627	2053
39.6435	2192
39.6616	2323
39.6789	2446
39.6967	2563
39.7141	2675
39.7142	2782
39.7313	2885
39.7497	2984
39.7672	3080
39.7852	3173
39.7853	3263
39.8026	3351
39.8203	3436
39.8377	3519
39.8378	3600
39.855	3679
39.8731	3757
39.8906	3833
39.9087	3907
39.9088	3980
39.926	4052
39.9437	4122
39.9781	3216
39.9783	2680
39.9783	2144
39.9962	1668
39.9963	1340
39.9963	1072
40.0138	1340
40.0138	1554
40.0316	1738
40.0483	1903
40.0661	2053
40.0826	2192
40.0996	2323
40.1181	2446
40.1352	2563
40.1536	2675
40.1537	2782
40.1707	2885
40.1886	2984
40.2057	3080
40.2224	3173
40.2225	3263
40.2406	3351
40.2573	3436
40.2746	3519
40.2747	3600
40.2919	3679
40.309	3757
40.326	3833
40.3423	3907
40.3424	3980
40.3606	4052
40.3771	4122
40.3942	4191
40.4115	4259
40.4116	4326
40.4284	4392
40.4458	4457
40.462	3752
40.4799	3216
40.48	2680
40.4959	2252
40.496	1608
40.5127	1786
40.5292	1946
40.5457	2093
40.5623	2230
40.5788	2358
40.5789	2479
40.5958	2594
40.612	2704
40.6123	2810
40.645	2912
40.6451	3010
40.6616	3105
40.6617	3197
40.6786	3286
40.6952	3373
40.7128	3458
40.7129	3541
40.7294	3622
40.7465	3701
40.7628	3778
40.7795	3854
40.7796	3928
40.7968	4001
40.8136	4072
40.8314	4142
40.8315	4211
40.8479	4279
40.8654	4346
40.8823	4412
40.8993	4477
40.8994	4541
40.917	4604
40.9341	4666
40.9689	3752
40.969	3216
40.969	2680
40.9867	2252
40.9867	1608
41.0037	1786
41.0212	1946
41.0394	2093
41.0563	2230
41.0728	2358
41.0729	2479
41.0899	2594
41.1079	2704
41.1248	2810
41.1249	2912
41.1418	3010
41.1601	3105
41.1771	3197
41.195	3286
41.1951	3373
41.2125	3458
41.2304	3541
41.2473	3622
41.2474	3701
41.2647	3778
41.283	3854
41.2997	3928
41.3179	4001
41.318	4072
41.3354	4142
41.353	4211
41.3876	3216
41.3876	2680
41.3877	2144
41.4061	1668
41.4062	1340
41.4062	1072
41.4228	1340
41.4228	1554
41.4409	1738
41.4575	1903
41.4748	2053
41.4914	2192
41.5079	2323
41.508	2446
41.5266	2563
41.543	2675
41.5432	2782
41.5777	2885
41.5778	2984
41.5946	3080
41.6129	3173
41.6292	3263
41.6479	3351
41.648	3436
41.6644	3519
41.6822	3600
41.6994	3679
41.7158	2680
41.7344	2144
41.7345	1608
41.7345	1072
41.751	1340
41.7693	1554
41.7859	1738
41.8211	1903
41.8376	2053
41.8561	2192
41.8729	2323
41.8912	2446
41.9079	2563
41.908	2675
41.9257	2782
41.9429	2885
41.9597	2984
41.9783	3080
41.9784	3173
41.9951	3263
42.0131	3351
42.0302	3436
42.0303	3519
42.0483	3600
42.0654	3679
42.0827	3757
42.101	3833
42.101	3907
42.1181	3980
42.1363	4052
42.1716	3216
42.1716	2680
42.1717	2144
42.1888	1668
42.1889	1340
42.1889	1072
42.2063	1340
42.2063	1554
42.2245	1738
42.2411	1903
42.2594	2053
42.276	2192
42.2936	2323
42.3113	2446
42.3284	2563
42.3467	2675
42.3468	2782
42.364	2885
42.3824	2984
42.3993	3080
42.4169	3173
42.417	3263
42.435	3351
42.4522	3436
42.4706	3519
42.4707	3600
42.4877	3679
42.5061	3757
42.5232	3833
42.5403	3907
42.5404	3980
42.5587	4052
42.5754	4122
42.6107	3216
42.6107	2680
42.6108	2144
42.6284	1668
42.6285	1340
42.6285	1072
42.6457	1340
42.6457	1554
42.6627	1738
42.6794	1903
42.6959	2053
42.7137	2192
42.7304	2323
42.7482	2446
42.7653	2563
42.7654	2675
42.7825	2782
42.8008	2885
42.8177	2984
42.8357	3080
42.8358	3173
42.8526	3263
42.8702	3351
42.8872	3436
42.8873	3519
42.9042	3600
42.9224	3679
42.9393	3757
42.9571	3833
42.9572	3907
42.9744	3980
42.9914	4052
43.0246	3216
43.0246	2680
43.0247	2144
43.0422	1668
43.0423	1340
43.0423	1072
43.0587	1340
43.0587	1554
43.2589	1738
43.292	1072
43.3097	1340
43.3262	1554
43.3602	1738
43.3768	1903
43.3942	2053
43.4107	2192
43.4278	2323
43.4452	2446
43.4622	2563
43.4792	2675
43.4793	2782
43.4966	2885
43.5139	2984
43.5315	3080
43.5486	3173
43.5487	3263
43.5661	3351
43.5836	3436
43.6006	3519
43.6007	3600
43.6185	3679
43.6356	3757
43.653	3833
43.6702	3907
43.6703	3980
43.6874	4052
43.7051	4122
43.74	3216
43.74	2680
43.7401	2144
43.7572	1668
43.7573	1340
43.7573	1072
43.7749	1340
43.7749	1554
43.7924	1738
43.809	1903
43.8259	2053
43.8424	2192
43.8602	2323
43.8774	2446
43.8948	2563
43.9121	2675
43.9122	2782
43.9298	2885
43.9468	2984
43.9643	3080
43.9819	3173
43.982	3263
43.9993	3351
44.0166	3436
44.0341	3519
44.0342	3600
44.0519	3679
44.0692	3757
44.0869	3833
44.1048	3907
44.1049	3980
44.1223	4052
44.1399	4122
44.175	3216
44.175	2680
44.1751	2144
44.1924	1668
44.1924	1340
44.1925	1072
44.2101	1340
44.2101	1554
44.2279	1738
44.2445	1903
44.2623	2053
44.2788	2192
44.296	2323
44.3135	2446
44.3308	2563
44.3491	2675
44.3492	2782
44.3662	2885
44.3839	2984
44.4013	3080
44.4184	3173
44.4185	3263
44.4362	3351
44.4536	3436
44.4715	3519
44.4716	3600
44.4885	3679
44.5066	3757
44.5239	3833
44.5413	3907
44.5414	3980
44.5593	4052
44.5765	4122
44.6117	3216
44.6118	2680
44.6118	2144
44.6296	1668
44.6297	1340
44.6297	1072
44.647	1340
44.647	1554
44.6641	1738
44.6807	1903
44.6977	2053
44.7142	2192
44.732	2323
44.7493	2446
44.7669	2563
44.7832	2675
44.7834	2782
44.8181	2885
44.8182	2984
44.8352	3080
44.8529	3173
44.8703	3263
44.8879	3351
44.888	3436
44.905	3519
44.9231	3600
44.9403	3679
44.9752	2680
44.9752	2144
44.9753	1608
44.9925	1072
45.0103	1340
45.0268	1554
45.0447	1738
45.0622	1903
45.0792	2053
45.097	2192
45.1136	2323
45.1137	2446
45.1316	2563
45.1485	2675
45.166	2782
45.1661	2885
45.1836	2984
45.2008	3080
45.2183	3173
45.2353	3263
45.2353	3351
45.2535	3436
45.2709	3519
45.2886	3600
45.2887	3679
45.306	3757
45.3234	3833
45.3411	3907
45.3573	3980
45.3574	4052
45.3753	4122
45.3925	4191
45.4097	4259
45.4264	4326
45.4265	4392
45.4438	4457
45.4605	4521
45.4771	3752
45.4947	3216
45.4947	2680
45.5115	2252
45.5115	1608
45.529	1786
45.5456	1946
45.5628	2093
45.5798	2230
45.5964	2358
45.5965	2479
45.6143	2594
45.631	2704
45.6478	2810
45.6479	2912
45.6652	3010
45.6819	3105
45.6993	3197
45.7157	3286
45.7158	3373
45.7335	3458
45.7503	3541
45.7674	3622
45.7675	3701
45.7844	3778
45.8013	3854
45.8187	3928
45.8354	4001
45.8355	4072
45.853	4142
45.8704	4211
45.9051	3216
45.9052	2680
45.9052	2144
45.9221	1668
45.9222	1340
45.9222	1072
45.9402	1340
45.9402	1554
45.9568	1738
45.9734	1903
45.9909	2053
46.0075	2192
46.025	2323
46.042	2446
46.0598	2563
46.0764	2675
46.0765	2782
46.0943	2885
46.1118	2984
46.1295	3080
46.1473	3173
46.1474	3263
46.1647	3351
46.1824	3436
46.1993	3519
46.1994	3600
46.2175	3679
46.2345	3757
46.2521	3833
46.2699	3907
46.27	3980
46.2871	4052
46.3049	4122
46.3398	3216
46.3399	2680
46.3399	2144
46.3571	1668
46.3572	1340
46.3572	1072
46.3749	1340
46.3749	1554
46.3924	1738
46.409	1903
46.4267	2053
46.4432	2192
46.4613	2323
46.4784	2446
46.4964	2563
46.5136	2675
46.5137	2782
46.5311	2885
46.549	2984
46.5663	3080
46.5845	3173
46.5846	3263
46.6016	3351
46.6201	3436
46.6371	3519
46.6372	3600
46.6546	3679
46.6726	3757
46.6902	3833
46.7083	3907
46.7084	3980
46.7252	4052
46.7435	4122
46.7779	3216
46.778	2680
46.778	2144
46.7957	1668
46.7957	1340
46.7958	1072
46.8131	1340
46.8131	1554
46.8313	1738
46.8479	1903
46.8661	2053
46.8826	2192
46.8999	2323
46.9179	2446
46.9354	2563
46.9533	2675
46.9534	2782
46.9706	2885
46.9884	2984
47.0058	3080
47.023	3173
47.0231	3263
47.0409	3351
47.0583	3436
47.0761	3519
47.0762	3600
47.0935	3679
47.1111	3757
47.1284	3833
47.1459	3907
47.146	3980
47.164	4052
47.1816	4122
47.2168	3216
47.2168	2680
47.2169	2144
47.2346	1668
47.2347	1340
47.2347	1072
47.2519	1340
47.2519	1554
47.2698	1738
47.2864	1903
47.3039	2053
47.3205	2192
47.3379	2323
47.3553	2446
47.3728	2563
47.3901	2675
47.3902	2782
47.4076	2885
47.4249	2984
47.4425	3080
47.4601	3173
47.4602	3263
47.4774	3351
47.4955	3436
47.5131	3519
47.5132	3600
47.5309	3679
47.5482	3757
47.5661	3833
47.5837	3907
47.5838	3980
47.6011	4052
47.6189	4122
47.6541	3216
47.6542	2680
47.6542	2144
47.671	1668
47.671	1340
47.6711	1072
47.6886	1340
47.6886	1554
47.7058	1738
47.7224	1903
47.7395	2053
47.756	2192
47.7735	2323
47.7895	2446
47.7901	2563
47.8242	2675
47.8243	2782
47.8416	2885
47.8589	2984
47.876	3080
47.8943	3173
47.8943	3263
47.9108	3351
47.9109	3436
47.9281	3519
47.9454	3600
47.962	3679
47.9621	3757
47.9792	3833
47.9958	3907
48.0132	3980
48.0298	4052
48.0299	4122
48.0468	4191
48.0637	4259
48.08	3216
48.0972	2680
48.0972	2144
48.1132	1668
48.1132	1340
48.1133	1072
48.1305	1340
48.1305	1554
48.1471	1738
48.1638	1903
48.1807	2053
48.1974	2192
48.2147	2323
48.2148	2446
48.2314	2563
48.2488	2675
48.265	2782
48.2654	2885
48.2999	2984
48.3	3080
48.3173	3173
48.3346	3263
48.3518	3351
48.3693	3436
48.3694	3519
48.386	3600
48.4033	3679
48.4208	3757
48.4378	3833
48.4379	3907
48.4557	3980
48.4726	4052
48.4908	3216
48.5078	2680
48.5078	2144
48.5253	1668
48.5254	1340
48.5254	1072
48.5432	1340
48.5432	1554
48.5608	1738
48.5774	1903
48.5944	2053
48.6109	2192
48.6282	2323
48.6459	2446
48.6627	2563
48.6984	1608
48.6984	1072
48.7154	1340
48.7319	1554
48.7671	1738
48.7837	1903
48.8008	2053
48.8174	2192
48.8347	2323
48.8518	2446
48.8697	2563
48.8865	2675
48.8866	2782
48.9047	2885
48.9217	2984
48.9399	3080
48.957	3173
48.9571	3263
48.9742	3351
48.9917	3436
49.0086	3519
49.0087	3600
49.0263	3679
49.0432	3757
49.0601	3833
49.0765	3907
49.0766	3980
49.0933	4052
49.1107	4122
49.1271	4191
49.145	4259
49.1451	4326
49.1621	4392
49.1796	4457
49.1968	3752
49.2141	3216
49.2141	2680
49.2318	2252
49.2318	1608
49.2491	1786
49.267	1946
49.2846	2093
49.3019	2230
49.3185	2358
49.3185	2479
49.3361	2594
49.3536	2704
49.3717	2810
49.3718	2912
49.3892	3010
49.4071	3105
49.4244	3197
49.4421	3286
49.4422	3373
49.4595	3458
49.4767	3541
49.4948	3622
49.4949	3701
49.512	3778
49.53	3854
49.5471	3928
49.5649	4001
49.565	4072
49.5827	4142
49.5999	4211
49.6356	3216
49.6357	2680
49.6357	2144
49.6535	1668
49.6535	1340
49.6536	1072
49.6705	1340
49.6705	1554
49.6884	1738
49.705	1903
49.7225	2053
49.739	2192
49.757	2323
49.7744	2446
49.7919	2563
49.8095	2675
49.8095	2782
49.8449	2144
49.8624	1608
49.8625	1072
49.88	1340
49.8966	1554
49.9307	1738
49.9474	1903
49.9642	2053
49.9808	2192
49.9976	2323
50.0159	2446
50.0326	2563
50.0504	2675
50.0505	2782
50.0681	2885
50.0851	2984
50.1029	3080
50.1197	3173
50.1198	3263
50.1381	3351
50.1544	3436
50.1722	3519
50.1723	3600
50.19	3679
50.2071	3757
50.2249	3833
50.242	3907
50.2421	3980
50.2602	4052
50.277	4122
50.3125	3216
50.3125	2680
50.3126	2144
50.3296	1668
50.3296	1340
50.3297	1072
50.3472	1340
50.3472	1554
50.3641	1738
50.3807	1903
50.3974	2053
50.4139	2192
50.4313	2323
50.4481	2446
50.4654	2563
50.4822	2675
50.4823	2782
50.4993	2885
50.5158	2984
50.5326	3080
50.5498	3173
50.5499	3263
50.5664	3351
50.5835	3436
50.5994	3519
50.5994	3600
50.6162	3679
50.6328	3757
50.6495	3833
50.667	3907
50.6671	3980
50.6834	4052
50.7003	4122
50.7165	4191
50.7328	4259
50.7329	4326
50.7496	4392
50.7653	4457
50.7829	4521
50.7989	3752
50.8158	3216
50.8159	2680
50.8159	2252
50.832	1608
50.8488	1786
50.866	1946
50.8825	2093
50.8999	2230
50.9164	2358
50.9165	2479
50.9336	2594
50.9498	2704
50.9502	2810
50.9848	2912
50.9849	3010
51.0019	3105
51.0198	3197
51.037	3286
51.0549	3373
51.055	3458
51.0719	3541
51.0897	3622
51.1078	3701
51.1248	3778
51.1249	3854
51.1427	3928
51.16	4001
51.1778	4072
51.1778	4142
51.1951	4211
51.2125	4279
51.2307	4346
51.2479	4412
51.248	4477
51.2832	3752
51.2832	3216
51.2833	2680
51.301	2252
51.3011	1608
51.3184	1786
51.3356	1946
51.3535	2093
51.3702	2230
51.3868	2358
51.3869	2479
51.4042	2594
51.4216	2704
51.439	2810
51.4391	2912
51.4562	3010
51.4743	3105
51.4915	3197
51.5088	3286
51.5089	3373
51.5264	3458
51.5436	3541
51.5615	3622
51.5616	3701
51.5782	3778
51.5966	3854
51.6137	3928
51.6311	4001
51.6311	4072
51.6493	4142
51.6662	4211
51.7008	3216
51.7009	2680
51.7009	2144
51.7196	1668
51.7197	1340
51.7197	1072
51.7368	1340
51.7368	1554
51.7543	1738
51.7709	1903
51.7876	2053
51.8041	2192
51.8208	2323
51.8388	2446
51.8565	2563
51.8739	2675
51.874	2782
51.8916	2885
51.9087	2984
51.9271	3080
51.9442	3173
51.9443	3263
51.9618	3351
51.9799	3436
51.9971	3519
51.9972	3600
52.0151	3679
52.0324	3757
52.0506	3833
52.0677	3907
52.0678	3980
52.0848	4052
52.1032	4122
52.1383	3216
52.1384	2680
52.1384	2144
52.1559	1668
52.1559	1340
52.1559	1072
52.1738	1340
52.1738	1554
52.1912	1738
52.2079	1903
52.2263	2053
52.2429	2192
52.2613	2323
52.2783	2446
52.296	2563
52.3135	2675
52.3136	2782
52.3303	2885
52.3488	2984
52.3655	3080
52.3837	3173
52.3838	3263
52.4003	3351
52.4183	3436
52.4358	3519
52.4359	3600
52.4527	3679
52.471	3757
52.4875	3833
52.5058	3907
52.5059	3980
52.5225	4052
52.5403	4122
52.5747	3216
52.5748	2680
52.5748	2144
52.5934	1668
52.5935	1340
52.5935	1072
52.6099	1340
52.6099	1554
52.6284	1738
52.645	1903
52.663	2053
52.6795	2192
52.6964	2323
52.7146	2446
52.7314	2563
52.7497	2675
52.7498	2782
52.7668	2885
52.7848	2984
52.8026	3080
52.8195	3173
52.8196	3263
52.8375	3351
52.8547	3436
52.8726	3519
52.8727	3600
52.9071	2680
52.9072	2144
52.9249	1608
52.925	1072
52.9418	1340
52.9584	1554
52.975	1738
53.0092	1903
53.0258	2053
53.0439	2192
53.0605	2323
53.0792	2446
53.0955	2563
53.0957	2675
53.1304	2782
53.1305	2885
53.1471	2984
53.1653	3080
53.1814	3173
53.1994	3263
53.1995	3351
53.216	3436
53.2161	3519
53.2334	3600
53.25	3679
53.2664	3757
53.2665	3833
53.2844	3907
53.3009	3980
53.3188	4052
53.3352	4122
53.3353	4191
53.3531	4259
53.37	4326
53.3866	4392
53.3867	4457
53.4048	4521
53.4214	4584
53.4396	4646
53.4563	3752
53.4743	3216
53.4744	2680
53.4916	2252
53.4916	1608
53.5086	1786
53.5267	1946
53.5434	2093
53.56	2230
53.5766	1608
53.5943	1072
53.5943	1340
53.6116	1554
53.6282	1738
53.6631	1903
53.6796	2053
53.6968	2192
53.714	2323
53.7318	2446
53.7482	2563
53.7483	2675
53.7662	2782
53.7833	2885
53.8009	2984
53.8184	3080
53.8185	3173
53.8357	3263
53.8535	3351
53.8702	3436
53.8703	3519
53.8883	3600
53.9053	3679
53.9229	3757
53.9402	3833
53.9403	3907
53.9569	3980
53.9749	4052
54.0096	3216
54.0096	2680
54.0097	2144
54.0266	1668
54.0267	1340
54.0267	1072
54.0447	1340
54.0447	1554
54.062	1738
54.0968	1072
54.1133	1340
54.1481	1554
54.1647	1738
54.199	1903
54.2155	2053
54.2328	2192
54.2505	2323
54.2677	2446
54.2852	2563
54.2853	2675
54.3032	2782
54.32	2885
54.3377	2984
54.3551	3080
54.3552	3173
54.3727	3263
54.3904	3351
54.4077	3436
54.4078	3519
54.4261	3600
54.443	3679
54.461	3757
54.4783	3833
54.4784	3907
54.4961	3980
54.5139	4052
54.5492	3216
54.5492	2680
54.5493	2144
54.566	1668
54.5661	1340
54.5661	1072
54.5841	1340
54.5841	1554
54.6014	1738
54.618	1903
54.6362	2053
54.6527	2192
54.6712	2323
54.688	2446
54.7058	2563
54.7232	2675
54.7232	2782
54.7405	2885
54.759	2984
54.7758	3080
54.7939	3173
54.794	3263
54.8113	3351
54.8288	3436
54.8463	3519
54.8464	3600
54.8634	3679
54.8815	3757
54.8977	3833
54.9159	3907
54.916	3980
54.933	4052
54.9506	4122
54.9678	4191
54.985	4259
54.9851	4326
55.0031	4392
55.0376	3752
55.0377	3216
55.0377	2680
55.0552	2252
55.0552	1608
55.0725	1786
55.0899	1946
55.1071	2093
55.125	2230
55.1416	2358
55.1417	2479
55.159	2594
55.1765	2704
55.1938	2810
55.1939	2912
55.2111	3010
55.2283	3105
55.2465	3197
55.2627	3286
55.263	3373
55.281	3458
55.2984	3541
55.3159	3622
55.3334	3701
55.3335	3778
55.3506	3854
55.3691	3928
55.3851	4001
55.4026	4072
55.4027	4142
55.4196	4211
55.4369	4279
55.4543	4346
55.4544	4412
55.471	4477
55.4896	4541
55.5233	3752
55.5234	3216
55.5234	2680
55.5401	2252
55.5402	1608
55.5577	1786
55.5757	1946
55.5925	2093
55.6101	2230
55.6266	2358
55.6267	2479
55.6443	2594
55.6606	2704
55.6608	2810
55.6949	2912
55.695	3010
55.7115	3105
55.7286	3197
55.7454	3286
55.7631	3373
55.7632	3458
55.78	3541
55.7969	3622
55.8141	3701
55.8303	3778
55.8304	3854
55.8479	3928
55.8646	4001
55.8823	4072
55.8824	4142
55.8993	4211
55.9171	4279
55.9347	4346
55.9513	4412
55.9514	4477
55.9867	3752
55.9868	3216
55.9868	2680
56.0048	2252
56.0049	1608
56.0221	1786
56.04	1946
56.0577	2093
56.0742	2230
56.0921	2358
56.1091	2479
56.1272	2594
56.1442	2704
56.1443	2810
56.1624	2912
56.1798	3010
56.1966	3105
56.2148	3197
56.2149	3286
56.2317	3373
56.2498	3458
56.267	3541
56.2671	3622
56.2849	3701
56.3025	3778
56.3194	3854
56.3375	3928
56.3376	4001
56.3547	4072
56.3726	4142
56.4074	3216
56.4075	2680
56.4075	2144
56.4253	1668
56.4253	1340
56.4254	1072
56.4423	1340
56.4423	1554
56.4601	1738
56.4768	1903
56.4945	2053
56.511	2192
56.5276	2323
56.5444	2446
56.5609	2563
56.5784	2675
56.5785	2782
56.5951	2885
56.6129	2984
56.613	3080
56.6302	3173
56.6476	3263
56.6647	3351
56.682	3436
56.6821	3519
56.7	3600
56.7167	3679
56.7349	3757
56.7523	3833
56.7524	3907
56.7693	3980
56.7871	4052
56.8047	3216
56.8225	2680
56.8226	2144
56.8396	1668
56.8396	1340
56.8397	1072
56.8575	1340
56.8575	1554
56.8749	1738
56.8915	1903
56.9089	2053
56.9254	2192
56.9766	1608
56.9766	1072
56.9947	1340
57.0112	1554
57.0288	1738
57.0462	1903
57.0638	2053
57.0815	2192
57.098	2323
57.0981	2446
57.1166	2563
57.1329	2675
57.1331	2782
57.1684	2885
57.1685	2984
57.1861	3080
57.2044	3173
57.2211	3263
57.24	3351
57.2401	3436
57.2563	3519
57.2746	3600
57.2921	3679
57.3097	3757
57.3098	3833
57.3448	3216
57.3634	2680
57.3635	2144
57.3635	1668
57.38	1340
57.38	1072
57.3985	1340
57.3985	1554
57.415	1738
57.4326	1903
57.4511	2053
57.4677	2192
57.4855	2323
57.4856	2446
57.5024	2563
57.5208	2675
57.538	2782
57.5554	2885
57.5555	2984
57.5737	3080
57.5902	3173
57.608	3263
57.6081	3351
57.6251	3436
57.6433	3519
57.6605	3600
57.6775	3679
57.6776	3757
57.6957	3833
57.7117	3907
57.7294	3980
57.7466	4052
57.7467	4122
57.7643	4191
57.7815	4259
57.7979	4326
57.798	4392
57.8158	4457
57.8315	3752
57.8486	3216
57.8486	2680
57.8653	2252
57.8654	1608
57.8828	1786
57.8999	1946
57.9164	2093
57.9344	2230
57.9509	2358
57.951	2479
57.9681	2594
57.985	2704
58.002	2810
58.0021	2912
58.0193	3010
58.0351	3105
58.053	3197
58.0687	3286
58.0695	3373
58.0863	3458
58.1031	3541
58.1204	3622
58.1374	3701
58.1375	3778
58.1529	3854
58.1705	3928
58.1852	4001
58.2023	4072
58.2024	4142
58.2191	4211
58.236	4279
58.2531	4346
58.2532	4412
58.269	4477
58.2863	4541
58.3015	4604
58.319	4666
58.3191	4727
58.336	4787
58.3533	4847
58.3712	4906
58.3879	4288
58.4052	3752
58.4052	3216
58.4053	2827
58.4214	2461
58.4215	1876
58.439	1608
58.4391	1876
58.4391	2029
58.456	2170
58.4731	2302
58.4902	2426
58.5065	2544
58.5068	2656
58.5401	2764
58.5402	2867
58.5576	2967
58.5747	3063
58.5921	3156
58.6096	3247
58.6097	3335
58.6261	3421
58.6262	3504
58.6435	3585
58.6605	3665
58.6776	3743
58.6777	3819
58.6954	3894
58.7129	3967
58.7311	4039
58.7479	4110
58.748	4179
58.7653	4247
58.7826	4314
58.8	3752
58.8179	3216
58.818	2680
58.8353	2252
58.8353	1608
58.8538	1786
58.8705	1946
58.8876	2093
58.9052	2230
58.9218	2358
58.9398	1608
58.9399	1072
58.9567	1340
58.9752	1554
58.9918	1738
59.0268	1903
59.0433	2053
59.0615	2192
59.0787	2323
59.0968	2446
59.1133	2563
59.1134	2675
59.1305	2782
59.1485	2885
59.1656	2984
59.1835	3080
59.1836	3173
59.2007	3263
59.2182	3351
59.2353	3436
59.2354	3519
59.2527	3600
59.2706	3679
59.2885	3757
59.3067	3833
59.3068	3907
59.3241	3980
59.3419	4052
59.3764	3216
59.3765	2680
59.3765	2144
59.3944	1668
59.3944	1340
59.3945	1072
59.4124	1340
59.4124	1554
59.4302	1738
59.4468	1903
59.4645	2053
59.481	2192
59.4986	2323
59.5157	2446
59.5346	2563
59.5519	2675
59.552	2782
59.5697	2885
59.5868	2984
59.6043	3080
59.6217	3173
59.6218	3263
59.6393	3351
59.6577	3436
59.6752	3519
59.6753	3600
59.693	3679
59.7097	3757
59.7272	3833
59.7445	3907
59.7446	3980
59.762	4052
59.7803	4122
59.8155	3216
59.8155	2680
59.8156	2144
59.8318	1668
59.8318	1340
59.8319	1072
59.8496	1340
59.8496	1554
59.867	1738
59.8836	1903
59.9014	2053
59.9179	2192
59.935	2323
59.9515	2446
59.9697	2563
59.9872	2675
59.9873	2782
